5033505.15464	5750335.57047	1
5073453.60825	5750335.57047	1
5113402.06186	5750335.57047	1
5033505.15464	5710402.68456	39.23845
5073453.60825	5710402.68456	55.05685
5113402.06186	5710402.68456	12.4104
5073453.60825	5670469.79866	6.2648
5113402.06186	5670469.79866	1
5073453.60825	5630536.91275	1
5113402.06186	5630536.91275	1
5273195.87629	5590604.02685	20.312
4993556.70103	5550671.14094	1
5153350.51546	5550671.14094	1
5233247.42268	5550671.14094	40.42365
5273195.87629	5550671.14094	1
5313144.3299	5550671.14094	142.4323
5353092.78351	5550671.14094	39.4725
4993556.70103	5510738.25503	1
5033505.15464	5510738.25503	1
5073453.60825	5510738.25503	1
5113402.06186	5510738.25503	1
5153350.51546	5510738.25503	13.5106
5193298.96907	5510738.25503	1
5233247.42268	5510738.25503	42.4012
5273195.87629	5510738.25503	412.45385
5313144.3299	5510738.25503	193.4329
5353092.78351	5510738.25503	1
5393041.23711	5510738.25503	1
4913659.79381	5470805.36913	1
4953608.24742	5470805.36913	1
4993556.70103	5470805.36913	1
5033505.15464	5470805.36913	43.3827
5073453.60825	5470805.36913	124.3293
5113402.06186	5470805.36913	61.24005
5153350.51546	5470805.36913	45.91335
5193298.96907	5470805.36913	52.1418
5233247.42268	5470805.36913	314.0586
5273195.87629	5470805.36913	377.6467
5313144.3299	5470805.36913	58.7892
5353092.78351	5470805.36913	6.39625
5393041.23711	5470805.36913	13.14145
5432989.69072	5470805.36913	1
5472938.14433	5470805.36913	1
4833762.8866	5430872.48322	1
4873711.34021	5430872.48322	1
4913659.79381	5430872.48322	1
4953608.24742	5430872.48322	1
4993556.70103	5430872.48322	31.4394
5033505.15464	5430872.48322	85.1465
5073453.60825	5430872.48322	185.05875
5113402.06186	5430872.48322	183.2507
5153350.51546	5430872.48322	84.67475
5193298.96907	5430872.48322	128.5676
5233247.42268	5430872.48322	241.7144
5273195.87629	5430872.48322	252.8575
5313144.3299	5430872.48322	430.32685
5353092.78351	5430872.48322	27.9115
5393041.23711	5430872.48322	22.7828
5432989.69072	5430872.48322	24.6051
5472938.14433	5430872.48322	20.6743
5512886.59794	5430872.48322	14.0971
5552835.05155	5430872.48322	65.4392
5592783.50515	5430872.48322	1
4793814.43299	5390939.59732	1
4833762.8866	5390939.59732	1
4873711.34021	5390939.59732	92.8418
4913659.79381	5390939.59732	92.3647
4953608.24742	5390939.59732	99.7324
4993556.70103	5390939.59732	43.9041
5033505.15464	5390939.59732	272.7606
5073453.60825	5390939.59732	277.8778
5113402.06186	5390939.59732	277.333
5153350.51546	5390939.59732	195.9259
5193298.96907	5390939.59732	237.47945
5233247.42268	5390939.59732	198.20395
5273195.87629	5390939.59732	167.3045
5313144.3299	5390939.59732	94.09075
5353092.78351	5390939.59732	54.9308
5393041.23711	5390939.59732	37.08905
5432989.69072	5390939.59732	43.2505
5472938.14433	5390939.59732	13.77345
5512886.59794	5390939.59732	14.0644
5552835.05155	5390939.59732	10.0425
5592783.50515	5390939.59732	1
5632731.95876	5390939.59732	1
5672680.41237	5390939.59732	1
4793814.43299	5351006.71141	1
4833762.8866	5351006.71141	14.1506
4873711.34021	5351006.71141	63.8234
4913659.79381	5351006.71141	150.6878
4953608.24742	5351006.71141	147.6397
4993556.70103	5351006.71141	318.7212
5033505.15464	5351006.71141	479.1609
5073453.60825	5351006.71141	493.5438
5113402.06186	5351006.71141	391.9788
5153350.51546	5351006.71141	357.5141
5193298.96907	5351006.71141	289.19735
5233247.42268	5351006.71141	256.9847
5273195.87629	5351006.71141	247.7811
5313144.3299	5351006.71141	172.5182
5353092.78351	5351006.71141	58.24025
5393041.23711	5351006.71141	113.5745
5432989.69072	5351006.71141	75.4785
5472938.14433	5351006.71141	16.2116
5512886.59794	5351006.71141	12.91775
5552835.05155	5351006.71141	15.00405
5592783.50515	5351006.71141	11.0325
5632731.95876	5351006.71141	3.64505
5672680.41237	5351006.71141	1
5712628.86598	5351006.71141	1
5752577.31959	5351006.71141	1
4793814.43299	5311073.8255	38.3989
4833762.8866	5311073.8255	12.2193
4873711.34021	5311073.8255	24.92795
4913659.79381	5311073.8255	146.0847
4953608.24742	5311073.8255	290.81505
4993556.70103	5311073.8255	463.2408
5033505.15464	5311073.8255	545.1494
5073453.60825	5311073.8255	572.087
5113402.06186	5311073.8255	546.5511
5153350.51546	5311073.8255	504.52835
5193298.96907	5311073.8255	426.02125
5233247.42268	5311073.8255	492.3261
5273195.87629	5311073.8255	493.21655
5313144.3299	5311073.8255	235.6624
5353092.78351	5311073.8255	306.5649
5393041.23711	5311073.8255	186.0018
5432989.69072	5311073.8255	67.2222
5472938.14433	5311073.8255	19.2099
5512886.59794	5311073.8255	13.1458
5552835.05155	5311073.8255	12.4663
5592783.50515	5311073.8255	3.6045
5632731.95876	5311073.8255	10.77995
5672680.41237	5311073.8255	22.6736
5712628.86598	5311073.8255	13.0738
5752577.31959	5311073.8255	1
5792525.7732	5311073.8255	1
5832474.2268	5311073.8255	1
4753865.97938	5271140.9396	48.2509
4793814.43299	5271140.9396	1
4833762.8866	5271140.9396	1
4873711.34021	5271140.9396	56.9473
4913659.79381	5271140.9396	203.49345
4953608.24742	5271140.9396	312.4382
4993556.70103	5271140.9396	534.9961
5033505.15464	5271140.9396	618.3774
5073453.60825	5271140.9396	645.7627
5113402.06186	5271140.9396	622.2134
5153350.51546	5271140.9396	570.5082
5193298.96907	5271140.9396	469.62195
5233247.42268	5271140.9396	492.4152
5273195.87629	5271140.9396	584.72785
5313144.3299	5271140.9396	300.4333
5353092.78351	5271140.9396	291.7364
5393041.23711	5271140.9396	369.6929
5432989.69072	5271140.9396	227.3927
5472938.14433	5271140.9396	44.3573
5512886.59794	5271140.9396	27.86735
5552835.05155	5271140.9396	27.2737
5592783.50515	5271140.9396	68.9045
5632731.95876	5271140.9396	251.8997
5672680.41237	5271140.9396	17.17325
5712628.86598	5271140.9396	10.9828
5752577.31959	5271140.9396	1
5792525.7732	5271140.9396	1
5832474.2268	5271140.9396	1
4434278.35052	5231208.05369	1
4474226.80412	5231208.05369	1
4514175.25773	5231208.05369	1
4713917.52577	5231208.05369	1
4753865.97938	5231208.05369	1
4793814.43299	5231208.05369	1
4833762.8866	5231208.05369	26.1792
4873711.34021	5231208.05369	81.9793
4913659.79381	5231208.05369	215.20135
4953608.24742	5231208.05369	397.7413
4993556.70103	5231208.05369	511.5019
5033505.15464	5231208.05369	673.4075
5073453.60825	5231208.05369	655.91965
5113402.06186	5231208.05369	689.9004
5153350.51546	5231208.05369	627.11515
5193298.96907	5231208.05369	557.81275
5233247.42268	5231208.05369	549.3648
5273195.87629	5231208.05369	656.7519
5313144.3299	5231208.05369	531.49815
5353092.78351	5231208.05369	311.4966
5393041.23711	5231208.05369	397.91275
5432989.69072	5231208.05369	473.3724
5472938.14433	5231208.05369	255.8799
5512886.59794	5231208.05369	234.5533
5552835.05155	5231208.05369	39.2297
5592783.50515	5231208.05369	26.25845
5632731.95876	5231208.05369	111.94365
5672680.41237	5231208.05369	27.2899
5712628.86598	5231208.05369	18.3698
5752577.31959	5231208.05369	1
5792525.7732	5231208.05369	1
5832474.2268	5231208.05369	1
4394329.89691	5191275.16779	1
4434278.35052	5191275.16779	4.3734
4474226.80412	5191275.16779	1
4514175.25773	5191275.16779	1
4713917.52577	5191275.16779	1
4753865.97938	5191275.16779	1
4793814.43299	5191275.16779	49.8792
4833762.8866	5191275.16779	53.70005
4873711.34021	5191275.16779	86.8481
4913659.79381	5191275.16779	289.743
4953608.24742	5191275.16779	390.5729
4993556.70103	5191275.16779	416.4886
5033505.15464	5191275.16779	634.55695
5073453.60825	5191275.16779	690.963
5113402.06186	5191275.16779	743.09635
5153350.51546	5191275.16779	688.238
5193298.96907	5191275.16779	651.80975
5233247.42268	5191275.16779	611.1867
5273195.87629	5191275.16779	671.651
5313144.3299	5191275.16779	572.8203
5353092.78351	5191275.16779	385.13615
5393041.23711	5191275.16779	490.4237
5432989.69072	5191275.16779	671.7666
5472938.14433	5191275.16779	390.1466
5512886.59794	5191275.16779	335.6554
5552835.05155	5191275.16779	52.95135
5592783.50515	5191275.16779	141.76255
5632731.95876	5191275.16779	175.7321
5672680.41237	5191275.16779	14.5025
5712628.86598	5191275.16779	14.4576
5752577.31959	5191275.16779	6.8738
5792525.7732	5191275.16779	1
4274484.53608	5151342.28188	1
4314432.98969	5151342.28188	6.1049
4354381.4433	5151342.28188	1
4394329.89691	5151342.28188	1
4434278.35052	5151342.28188	18.53945
4474226.80412	5151342.28188	1
4634020.61856	5151342.28188	1
4673969.07216	5151342.28188	1
4713917.52577	5151342.28188	1
4753865.97938	5151342.28188	46.1581
4793814.43299	5151342.28188	59.9682
4833762.8866	5151342.28188	63.70865
4873711.34021	5151342.28188	52.4171
4913659.79381	5151342.28188	302.8739
4953608.24742	5151342.28188	373.3838
4993556.70103	5151342.28188	486.25925
5033505.15464	5151342.28188	686.8903
5073453.60825	5151342.28188	693.41315
5113402.06186	5151342.28188	710.9414
5153350.51546	5151342.28188	790.26715
5193298.96907	5151342.28188	821.00705
5233247.42268	5151342.28188	692.8212
5273195.87629	5151342.28188	691.6094
5313144.3299	5151342.28188	629.1001
5353092.78351	5151342.28188	487.52775
5393041.23711	5151342.28188	488.65625
5432989.69072	5151342.28188	619.7089
5472938.14433	5151342.28188	562.4019
5512886.59794	5151342.28188	511.465
5552835.05155	5151342.28188	349.06035
5592783.50515	5151342.28188	340.852
5632731.95876	5151342.28188	26.9528
5672680.41237	5151342.28188	36.1633
5712628.86598	5151342.28188	20.8611
5752577.31959	5151342.28188	15.2637
5792525.7732	5151342.28188	1
5832474.2268	5151342.28188	1
4234536.08247	5111409.39597	16.77295
4274484.53608	5111409.39597	1
4314432.98969	5111409.39597	7.6629
4354381.4433	5111409.39597	10.07815
4394329.89691	5111409.39597	15.4474
4434278.35052	5111409.39597	1
4634020.61856	5111409.39597	1
4673969.07216	5111409.39597	4.7003
4713917.52577	5111409.39597	26.8343
4753865.97938	5111409.39597	22.2323
4793814.43299	5111409.39597	33.21915
4833762.8866	5111409.39597	56.3585
4873711.34021	5111409.39597	128.17215
4913659.79381	5111409.39597	214.6471
4953608.24742	5111409.39597	381.1046
4993556.70103	5111409.39597	574.4184
5033505.15464	5111409.39597	691.2602
5073453.60825	5111409.39597	712.8266
5113402.06186	5111409.39597	750.65345
5153350.51546	5111409.39597	787.9847
5193298.96907	5111409.39597	873.9255
5233247.42268	5111409.39597	766.2231
5273195.87629	5111409.39597	740.8202
5313144.3299	5111409.39597	679.50195
5353092.78351	5111409.39597	613.6996
5393041.23711	5111409.39597	540.00115
5432989.69072	5111409.39597	569.6124
5472938.14433	5111409.39597	538.9406
5512886.59794	5111409.39597	342.8957
5552835.05155	5111409.39597	255.79795
5592783.50515	5111409.39597	345.18225
5632731.95876	5111409.39597	118.8818
5672680.41237	5111409.39597	24.352
5712628.86598	5111409.39597	15.3895
5752577.31959	5111409.39597	8.0463
5792525.7732	5111409.39597	1
5832474.2268	5111409.39597	1
5872422.68041	5111409.39597	1
5912371.13402	5111409.39597	1
5952319.58763	5111409.39597	1
4234536.08247	5071476.51007	5.0952
4274484.53608	5071476.51007	6.39575
4314432.98969	5071476.51007	2.9694
4354381.4433	5071476.51007	2.2165
4394329.89691	5071476.51007	10.5471
4434278.35052	5071476.51007	1
4514175.25773	5071476.51007	1.969
4554123.71134	5071476.51007	1
4634020.61856	5071476.51007	1
4673969.07216	5071476.51007	2.8069
4713917.52577	5071476.51007	14.6079
4753865.97938	5071476.51007	45.9597
4793814.43299	5071476.51007	227.68595
4833762.8866	5071476.51007	176.34515
4873711.34021	5071476.51007	210.7207
4913659.79381	5071476.51007	371.5455
4953608.24742	5071476.51007	425.23405
4993556.70103	5071476.51007	512.9269
5033505.15464	5071476.51007	637.68545
5073453.60825	5071476.51007	728.3999
5113402.06186	5071476.51007	669.2102
5153350.51546	5071476.51007	761.63135
5193298.96907	5071476.51007	878.6022
5233247.42268	5071476.51007	863.1265
5273195.87629	5071476.51007	842.9915
5313144.3299	5071476.51007	749.3289
5353092.78351	5071476.51007	629.8878
5393041.23711	5071476.51007	656.81945
5432989.69072	5071476.51007	647.90885
5472938.14433	5071476.51007	615.5782
5512886.59794	5071476.51007	560.9009
5552835.05155	5071476.51007	397.79125
5592783.50515	5071476.51007	449.9718
5632731.95876	5071476.51007	416.7599
5672680.41237	5071476.51007	27.4846
5712628.86598	5071476.51007	9.54885
5752577.31959	5071476.51007	12.30705
5792525.7732	5071476.51007	1
5832474.2268	5071476.51007	1
5872422.68041	5071476.51007	1
5912371.13402	5071476.51007	1
5952319.58763	5071476.51007	1
5992268.04124	5071476.51007	1
6231958.76289	5071476.51007	1
4234536.08247	5031543.62416	1
4274484.53608	5031543.62416	15.0517
4314432.98969	5031543.62416	13.194
4354381.4433	5031543.62416	1
4394329.89691	5031543.62416	1
4434278.35052	5031543.62416	1
4474226.80412	5031543.62416	1
4514175.25773	5031543.62416	4.4638
4554123.71134	5031543.62416	1
4713917.52577	5031543.62416	1
4753865.97938	5031543.62416	35.989
4793814.43299	5031543.62416	61.2488
4833762.8866	5031543.62416	221.4418
4873711.34021	5031543.62416	285.7007
4913659.79381	5031543.62416	457.8561
4953608.24742	5031543.62416	552.55065
4993556.70103	5031543.62416	584.0573
5033505.15464	5031543.62416	701.6711
5073453.60825	5031543.62416	734.07015
5113402.06186	5031543.62416	757.4345
5153350.51546	5031543.62416	809.16215
5193298.96907	5031543.62416	821.24665
5233247.42268	5031543.62416	897.4822
5273195.87629	5031543.62416	896.0308
5313144.3299	5031543.62416	789.11645
5353092.78351	5031543.62416	722.4459
5393041.23711	5031543.62416	714.4237
5432989.69072	5031543.62416	699.4682
5472938.14433	5031543.62416	831.722
5512886.59794	5031543.62416	732.40815
5552835.05155	5031543.62416	453.0497
5592783.50515	5031543.62416	419.4091
5632731.95876	5031543.62416	345.04
5672680.41237	5031543.62416	53.2255
5712628.86598	5031543.62416	31.266
5752577.31959	5031543.62416	20.05905
5792525.7732	5031543.62416	18.7501
5832474.2268	5031543.62416	26.884
5872422.68041	5031543.62416	10.6811
5912371.13402	5031543.62416	2.7965
5952319.58763	5031543.62416	1
6192010.30928	5031543.62416	1
6231958.76289	5031543.62416	1
6271907.21649	5031543.62416	1
4234536.08247	4991610.73826	1
4274484.53608	4991610.73826	4.09515
4314432.98969	4991610.73826	7.026
4354381.4433	4991610.73826	1
4394329.89691	4991610.73826	1
4434278.35052	4991610.73826	6.6638
4474226.80412	4991610.73826	34.987
4514175.25773	4991610.73826	6.4995
4554123.71134	4991610.73826	1
4673969.07216	4991610.73826	1
4713917.52577	4991610.73826	1
4753865.97938	4991610.73826	35.6034
4793814.43299	4991610.73826	134.1701
4833762.8866	4991610.73826	304.6741
4873711.34021	4991610.73826	372.3021
4913659.79381	4991610.73826	481.96835
4953608.24742	4991610.73826	596.2535
4993556.70103	4991610.73826	571.44905
5033505.15464	4991610.73826	644.0095
5073453.60825	4991610.73826	737.51095
5113402.06186	4991610.73826	746.5332
5153350.51546	4991610.73826	757.6852
5193298.96907	4991610.73826	746.2172
5233247.42268	4991610.73826	838.1387
5273195.87629	4991610.73826	894.0173
5313144.3299	4991610.73826	895.4007
5353092.78351	4991610.73826	868.74325
5393041.23711	4991610.73826	868.3083
5432989.69072	4991610.73826	989.0408
5472938.14433	4991610.73826	906.7297
5512886.59794	4991610.73826	918.1241
5552835.05155	4991610.73826	899.81935
5592783.50515	4991610.73826	655.83265
5632731.95876	4991610.73826	198.161
5672680.41237	4991610.73826	98.7779
5712628.86598	4991610.73826	40.09465
5752577.31959	4991610.73826	40.5162
5792525.7732	4991610.73826	29.9697
5832474.2268	4991610.73826	20.6164
5872422.68041	4991610.73826	21.2927
5912371.13402	4991610.73826	9.9364
5952319.58763	4991610.73826	1
5992268.04124	4991610.73826	1
6032216.49485	4991610.73826	1
6072164.94845	4991610.73826	1
6192010.30928	4991610.73826	1
6231958.76289	4991610.73826	1
6271907.21649	4991610.73826	1
4234536.08247	4951677.85235	1
4274484.53608	4951677.85235	4.22865
4314432.98969	4951677.85235	5.6145
4394329.89691	4951677.85235	1
4434278.35052	4951677.85235	15.5201
4474226.80412	4951677.85235	7.4372
4514175.25773	4951677.85235	1
4673969.07216	4951677.85235	190.5292
4713917.52577	4951677.85235	179.3278
4753865.97938	4951677.85235	216.53475
4793814.43299	4951677.85235	272.2722
4833762.8866	4951677.85235	334.9341
4873711.34021	4951677.85235	424.5758
4913659.79381	4951677.85235	454.9809
4953608.24742	4951677.85235	532.6798
4993556.70103	4951677.85235	607.49095
5033505.15464	4951677.85235	641.61
5073453.60825	4951677.85235	708.2889
5113402.06186	4951677.85235	751.40715
5153350.51546	4951677.85235	793.06755
5193298.96907	4951677.85235	742.883
5233247.42268	4951677.85235	850.38585
5273195.87629	4951677.85235	855.61375
5313144.3299	4951677.85235	886.3097
5353092.78351	4951677.85235	895.736
5393041.23711	4951677.85235	928.3967
5432989.69072	4951677.85235	905.4636
5472938.14433	4951677.85235	913.9469
5512886.59794	4951677.85235	861.2293
5552835.05155	4951677.85235	820.1031
5592783.50515	4951677.85235	943.5172
5632731.95876	4951677.85235	302.4032
5672680.41237	4951677.85235	84.3017
5712628.86598	4951677.85235	133.9997
5752577.31959	4951677.85235	56.1752
5792525.7732	4951677.85235	156.28485
5832474.2268	4951677.85235	200.2009
5872422.68041	4951677.85235	25.2423
5912371.13402	4951677.85235	25.423
5952319.58763	4951677.85235	9.8139
5992268.04124	4951677.85235	1
6032216.49485	4951677.85235	1
6072164.94845	4951677.85235	1
6112113.40206	4951677.85235	1
6152061.85567	4951677.85235	1
6192010.30928	4951677.85235	1
6231958.76289	4951677.85235	12.11005
6271907.21649	4951677.85235	1
6311855.6701	4951677.85235	1
4114690.72165	4911744.96644	1
4154639.17526	4911744.96644	1
4354381.4433	4911744.96644	1
4394329.89691	4911744.96644	15.1833
4434278.35052	4911744.96644	8.563
4474226.80412	4911744.96644	7.16635
4514175.25773	4911744.96644	1
4673969.07216	4911744.96644	116.7843
4713917.52577	4911744.96644	88.3112
4753865.97938	4911744.96644	134.0432
4793814.43299	4911744.96644	201.5838
4833762.8866	4911744.96644	284.7497
4873711.34021	4911744.96644	344.1706
4913659.79381	4911744.96644	460.1206
4953608.24742	4911744.96644	490.00575
4993556.70103	4911744.96644	555.03435
5033505.15464	4911744.96644	611.83795
5073453.60825	4911744.96644	641.032
5113402.06186	4911744.96644	677.5884
5153350.51546	4911744.96644	692.7667
5193298.96907	4911744.96644	714.9341
5233247.42268	4911744.96644	720.3358
5273195.87629	4911744.96644	901.8352
5313144.3299	4911744.96644	919.2146
5353092.78351	4911744.96644	916.7345
5393041.23711	4911744.96644	912.4925
5432989.69072	4911744.96644	899.2418
5472938.14433	4911744.96644	872.2176
5512886.59794	4911744.96644	902.5411
5552835.05155	4911744.96644	890.7999
5592783.50515	4911744.96644	967.3445
5632731.95876	4911744.96644	611.7268
5672680.41237	4911744.96644	341.448
5712628.86598	4911744.96644	191.4696
5752577.31959	4911744.96644	139.1151
5792525.7732	4911744.96644	255.0839
5832474.2268	4911744.96644	278.64595
5872422.68041	4911744.96644	25.0053
5912371.13402	4911744.96644	63.5682
5952319.58763	4911744.96644	34.19715
5992268.04124	4911744.96644	23.25155
6032216.49485	4911744.96644	15.4238
6072164.94845	4911744.96644	1
6112113.40206	4911744.96644	1
6152061.85567	4911744.96644	1
6192010.30928	4911744.96644	17.4364
6231958.76289	4911744.96644	5.886
6271907.21649	4911744.96644	1
6311855.6701	4911744.96644	1
4074742.26804	4871812.08054	1
4114690.72165	4871812.08054	6.2591
4154639.17526	4871812.08054	1
4354381.4433	4871812.08054	8.6155
4394329.89691	4871812.08054	13.455
4434278.35052	4871812.08054	16.9638
4474226.80412	4871812.08054	5.7948
4514175.25773	4871812.08054	1
4673969.07216	4871812.08054	1
4713917.52577	4871812.08054	59.715
4753865.97938	4871812.08054	108.6422
4793814.43299	4871812.08054	145.3156
4833762.8866	4871812.08054	231.2869
4873711.34021	4871812.08054	414.8022
4913659.79381	4871812.08054	381.4142
4953608.24742	4871812.08054	416.6794
4993556.70103	4871812.08054	475.75545
5033505.15464	4871812.08054	519.1949
5073453.60825	4871812.08054	520.1515
5113402.06186	4871812.08054	631.5444
5153350.51546	4871812.08054	652.572
5193298.96907	4871812.08054	633.5037
5233247.42268	4871812.08054	629.8142
5273195.87629	4871812.08054	682.5585
5313144.3299	4871812.08054	851.8258
5353092.78351	4871812.08054	915.4905
5393041.23711	4871812.08054	912.0078
5432989.69072	4871812.08054	950.0719
5472938.14433	4871812.08054	969.2512
5512886.59794	4871812.08054	992.4177
5552835.05155	4871812.08054	1040.51055
5592783.50515	4871812.08054	984.3976
5632731.95876	4871812.08054	831.7179
5672680.41237	4871812.08054	651.38235
5712628.86598	4871812.08054	344.6175
5752577.31959	4871812.08054	67.9094
5792525.7732	4871812.08054	182.45
5832474.2268	4871812.08054	392.8845
5872422.68041	4871812.08054	507.08505
5912371.13402	4871812.08054	429.7451
5952319.58763	4871812.08054	276.314
5992268.04124	4871812.08054	17.9707
6032216.49485	4871812.08054	25.3909
6072164.94845	4871812.08054	20.2969
6112113.40206	4871812.08054	4.50705
6152061.85567	4871812.08054	1
6192010.30928	4871812.08054	10.9171
6231958.76289	4871812.08054	1
6271907.21649	4871812.08054	1
4114690.72165	4831879.19463	9.0294
4154639.17526	4831879.19463	12.73
4194587.62887	4831879.19463	1
4354381.4433	4831879.19463	1
4394329.89691	4831879.19463	1
4434278.35052	4831879.19463	1
4474226.80412	4831879.19463	1
4673969.07216	4831879.19463	1
4713917.52577	4831879.19463	60.1992
4753865.97938	4831879.19463	127.1218
4793814.43299	4831879.19463	129.56105
4833762.8866	4831879.19463	151.9879
4873711.34021	4831879.19463	191.331
4913659.79381	4831879.19463	327.9321
4953608.24742	4831879.19463	396.8309
4993556.70103	4831879.19463	415.2312
5033505.15464	4831879.19463	412.0385
5073453.60825	4831879.19463	474.2687
5113402.06186	4831879.19463	533.12
5153350.51546	4831879.19463	522.0223
5193298.96907	4831879.19463	488.7656
5233247.42268	4831879.19463	537.8069
5273195.87629	4831879.19463	688.247
5313144.3299	4831879.19463	785.66305
5353092.78351	4831879.19463	777.23815
5393041.23711	4831879.19463	775.87965
5432989.69072	4831879.19463	940.50975
5472938.14433	4831879.19463	991.5673
5512886.59794	4831879.19463	1051.5499
5552835.05155	4831879.19463	994.9817
5592783.50515	4831879.19463	880.50605
5632731.95876	4831879.19463	758.9446
5672680.41237	4831879.19463	695.50685
5712628.86598	4831879.19463	686.44325
5752577.31959	4831879.19463	325.88905
5792525.7732	4831879.19463	301.9994
5832474.2268	4831879.19463	426.4282
5872422.68041	4831879.19463	557.9159
5912371.13402	4831879.19463	391.7234
5952319.58763	4831879.19463	315.6293
5992268.04124	4831879.19463	189.97405
6032216.49485	4831879.19463	61.76785
6072164.94845	4831879.19463	30.0767
6112113.40206	4831879.19463	13.7404
6152061.85567	4831879.19463	15.025
6192010.30928	4831879.19463	1.9811
6231958.76289	4831879.19463	1
6271907.21649	4831879.19463	1
4074742.26804	4791946.30872	4.4209
4114690.72165	4791946.30872	6.3874
4154639.17526	4791946.30872	8.5632
4194587.62887	4791946.30872	1
4234536.08247	4791946.30872	1
4394329.89691	4791946.30872	1
4434278.35052	4791946.30872	1
4474226.80412	4791946.30872	1
4514175.25773	4791946.30872	1
4673969.07216	4791946.30872	1
4713917.52577	4791946.30872	119.5654
4753865.97938	4791946.30872	166.05515
4793814.43299	4791946.30872	178.3475
4833762.8866	4791946.30872	228.1248
4873711.34021	4791946.30872	337.57775
4913659.79381	4791946.30872	406.043
4953608.24742	4791946.30872	379.9315
4993556.70103	4791946.30872	331.7832
5033505.15464	4791946.30872	267.3501
5073453.60825	4791946.30872	349.0631
5113402.06186	4791946.30872	289.489
5153350.51546	4791946.30872	263.0004
5193298.96907	4791946.30872	401.9456
5233247.42268	4791946.30872	406.2174
5273195.87629	4791946.30872	548.6625
5313144.3299	4791946.30872	648.14085
5353092.78351	4791946.30872	732.317
5393041.23711	4791946.30872	695.6499
5432989.69072	4791946.30872	830.7871
5472938.14433	4791946.30872	862.44655
5512886.59794	4791946.30872	1033.055
5552835.05155	4791946.30872	965.8688
5592783.50515	4791946.30872	828.53065
5632731.95876	4791946.30872	697.542
5672680.41237	4791946.30872	731.7921
5712628.86598	4791946.30872	593.712
5752577.31959	4791946.30872	567.5487
5792525.7732	4791946.30872	470.1893
5832474.2268	4791946.30872	491.0519
5872422.68041	4791946.30872	599.1019
5912371.13402	4791946.30872	488.43335
5952319.58763	4791946.30872	399.6347
5992268.04124	4791946.30872	195.1242
6032216.49485	4791946.30872	49.6419
6072164.94845	4791946.30872	35.9936
6112113.40206	4791946.30872	25.7922
6152061.85567	4791946.30872	11.745
6192010.30928	4791946.30872	4.48215
6231958.76289	4791946.30872	1
6271907.21649	4791946.30872	1
4154639.17526	4752013.42282	1
4194587.62887	4752013.42282	1
4234536.08247	4752013.42282	1
4354381.4433	4752013.42282	1
4394329.89691	4752013.42282	1
4434278.35052	4752013.42282	1
4474226.80412	4752013.42282	3.725
4514175.25773	4752013.42282	7.7641
4594072.16495	4752013.42282	1
4634020.61856	4752013.42282	1
4673969.07216	4752013.42282	1
4713917.52577	4752013.42282	53.8834
4753865.97938	4752013.42282	13.34665
4793814.43299	4752013.42282	20.61745
4833762.8866	4752013.42282	137.2262
4873711.34021	4752013.42282	180.134
4913659.79381	4752013.42282	154.2436
4953608.24742	4752013.42282	179.4643
4993556.70103	4752013.42282	148.0253
5033505.15464	4752013.42282	216.5309
5073453.60825	4752013.42282	127.84955
5113402.06186	4752013.42282	209.25645
5153350.51546	4752013.42282	234.5401
5193298.96907	4752013.42282	207.3723
5233247.42268	4752013.42282	304.1967
5273195.87629	4752013.42282	379.717
5313144.3299	4752013.42282	496.91495
5353092.78351	4752013.42282	597.8075
5393041.23711	4752013.42282	626.496
5432989.69072	4752013.42282	755.8805
5472938.14433	4752013.42282	795.7553
5512886.59794	4752013.42282	889.6676
5552835.05155	4752013.42282	873.1043
5592783.50515	4752013.42282	780.9464
5632731.95876	4752013.42282	731.4416
5672680.41237	4752013.42282	701.71975
5712628.86598	4752013.42282	636.1388
5752577.31959	4752013.42282	839.72595
5792525.7732	4752013.42282	731.88445
5832474.2268	4752013.42282	684.93485
5872422.68041	4752013.42282	589.8571
5912371.13402	4752013.42282	553.083
5952319.58763	4752013.42282	505.8759
5992268.04124	4752013.42282	421.93415
6032216.49485	4752013.42282	213.8246
6072164.94845	4752013.42282	119.5521
6112113.40206	4752013.42282	30.9041
6152061.85567	4752013.42282	9.9699
6192010.30928	4752013.42282	21.34825
6231958.76289	4752013.42282	2.95875
6271907.21649	4752013.42282	1
4154639.17526	4712080.53691	1
4194587.62887	4712080.53691	6.3911
4234536.08247	4712080.53691	1
4354381.4433	4712080.53691	1
4394329.89691	4712080.53691	1.4438
4434278.35052	4712080.53691	11.45055
4474226.80412	4712080.53691	12.09265
4514175.25773	4712080.53691	4.7473
4594072.16495	4712080.53691	1
4634020.61856	4712080.53691	1
4673969.07216	4712080.53691	1
4713917.52577	4712080.53691	1
4753865.97938	4712080.53691	1
4793814.43299	4712080.53691	1
4833762.8866	4712080.53691	154.3502
4873711.34021	4712080.53691	132.6747
4913659.79381	4712080.53691	42.0789
4953608.24742	4712080.53691	86.19015
4993556.70103	4712080.53691	128.12305
5033505.15464	4712080.53691	104.8708
5073453.60825	4712080.53691	42.6404
5113402.06186	4712080.53691	67.5765
5153350.51546	4712080.53691	103.6899
5193298.96907	4712080.53691	50.92585
5233247.42268	4712080.53691	197.7323
5273195.87629	4712080.53691	328.8143
5313144.3299	4712080.53691	453.0675
5353092.78351	4712080.53691	579.9284
5393041.23711	4712080.53691	639.4898
5432989.69072	4712080.53691	721.9753
5472938.14433	4712080.53691	782.9174
5512886.59794	4712080.53691	1053.4909
5552835.05155	4712080.53691	945.9483
5592783.50515	4712080.53691	855.17855
5632731.95876	4712080.53691	801.0026
5672680.41237	4712080.53691	807.61835
5712628.86598	4712080.53691	795.5181
5752577.31959	4712080.53691	829.0219
5792525.7732	4712080.53691	827.172
5832474.2268	4712080.53691	753.1895
5872422.68041	4712080.53691	597.0434
5912371.13402	4712080.53691	565.5765
5952319.58763	4712080.53691	548.258
5992268.04124	4712080.53691	454.8329
6032216.49485	4712080.53691	30.2458
6072164.94845	4712080.53691	29.0886
6112113.40206	4712080.53691	20.2067
6152061.85567	4712080.53691	7.0777
6192010.30928	4712080.53691	1
6231958.76289	4712080.53691	1
6271907.21649	4712080.53691	1
4154639.17526	4672147.65101	1
4194587.62887	4672147.65101	1
4234536.08247	4672147.65101	1
4394329.89691	4672147.65101	12.3672
4434278.35052	4672147.65101	21.01725
4474226.80412	4672147.65101	16.26865
4514175.25773	4672147.65101	13.79585
4713917.52577	4672147.65101	1
4753865.97938	4672147.65101	1
4793814.43299	4672147.65101	1
4833762.8866	4672147.65101	105.8589
4873711.34021	4672147.65101	29.86115
4913659.79381	4672147.65101	18.2089
4953608.24742	4672147.65101	38.8265
4993556.70103	4672147.65101	42.23845
5033505.15464	4672147.65101	56.55245
5073453.60825	4672147.65101	49.6916
5113402.06186	4672147.65101	56.1097
5153350.51546	4672147.65101	52.8212
5193298.96907	4672147.65101	66.2796
5233247.42268	4672147.65101	105.0877
5273195.87629	4672147.65101	145.9918
5313144.3299	4672147.65101	284.4052
5353092.78351	4672147.65101	419.08735
5393041.23711	4672147.65101	546.2641
5432989.69072	4672147.65101	602.34295
5472938.14433	4672147.65101	705.7187
5512886.59794	4672147.65101	658.28145
5552835.05155	4672147.65101	825.0542
5592783.50515	4672147.65101	831.4983
5632731.95876	4672147.65101	839.535
5672680.41237	4672147.65101	856.864
5712628.86598	4672147.65101	840.3206
5752577.31959	4672147.65101	823.6629
5792525.7732	4672147.65101	710.1973
5832474.2268	4672147.65101	670.0855
5872422.68041	4672147.65101	725.3931
5912371.13402	4672147.65101	717.9836
5952319.58763	4672147.65101	564.3653
5992268.04124	4672147.65101	511.1847
6032216.49485	4672147.65101	23.8607
6072164.94845	4672147.65101	22.2534
6112113.40206	4672147.65101	19.57775
6152061.85567	4672147.65101	20.09745
6192010.30928	4672147.65101	4.9314
6231958.76289	4672147.65101	1
6271907.21649	4672147.65101	1
4394329.89691	4632214.7651	1
4434278.35052	4632214.7651	12.1742
4474226.80412	4632214.7651	27.3868
4713917.52577	4632214.7651	1
4753865.97938	4632214.7651	5.9032
4793814.43299	4632214.7651	6.8803
4833762.8866	4632214.7651	21.7723
4873711.34021	4632214.7651	12.2319
4913659.79381	4632214.7651	19.46045
4953608.24742	4632214.7651	45.06435
4993556.70103	4632214.7651	17.09005
5033505.15464	4632214.7651	37.0957
5073453.60825	4632214.7651	7.1254
5113402.06186	4632214.7651	67.4265
5153350.51546	4632214.7651	32.8822
5193298.96907	4632214.7651	31.5194
5233247.42268	4632214.7651	49.6373
5273195.87629	4632214.7651	135.9023
5313144.3299	4632214.7651	238.37345
5353092.78351	4632214.7651	332.5459
5393041.23711	4632214.7651	425.6692
5432989.69072	4632214.7651	568.43395
5472938.14433	4632214.7651	605.8301
5512886.59794	4632214.7651	630.96645
5552835.05155	4632214.7651	703.433
5592783.50515	4632214.7651	714.2898
5632731.95876	4632214.7651	822.3735
5672680.41237	4632214.7651	819.39535
5712628.86598	4632214.7651	671.5566
5752577.31959	4632214.7651	710.7568
5792525.7732	4632214.7651	714.6953
5832474.2268	4632214.7651	720.68355
5872422.68041	4632214.7651	714.55985
5912371.13402	4632214.7651	731.7812
5952319.58763	4632214.7651	654.9274
5992268.04124	4632214.7651	642.8291
6032216.49485	4632214.7651	55.17425
6072164.94845	4632214.7651	54.5585
6112113.40206	4632214.7651	25.1315
6152061.85567	4632214.7651	14.4788
6192010.30928	4632214.7651	4.858
6231958.76289	4632214.7651	1
6271907.21649	4632214.7651	1
4394329.89691	4592281.87919	6.9782
4434278.35052	4592281.87919	10.81
4474226.80412	4592281.87919	10.5572
4713917.52577	4592281.87919	1
4753865.97938	4592281.87919	1
4793814.43299	4592281.87919	19.1875
4833762.8866	4592281.87919	14.3533
4873711.34021	4592281.87919	1
5073453.60825	4592281.87919	31.4387
5113402.06186	4592281.87919	129.1786
5153350.51546	4592281.87919	66.9882
5193298.96907	4592281.87919	31.63185
5233247.42268	4592281.87919	110.2056
5273195.87629	4592281.87919	135.0245
5313144.3299	4592281.87919	155.4199
5353092.78351	4592281.87919	231.2298
5393041.23711	4592281.87919	351.1214
5432989.69072	4592281.87919	370.6088
5472938.14433	4592281.87919	306.7046
5512886.59794	4592281.87919	412.4876
5552835.05155	4592281.87919	575.8144
5592783.50515	4592281.87919	626.2278
5632731.95876	4592281.87919	699.2828
5672680.41237	4592281.87919	615.1913
5712628.86598	4592281.87919	606.9983
5752577.31959	4592281.87919	639.12165
5792525.7732	4592281.87919	715.4689
5832474.2268	4592281.87919	652.1719
5872422.68041	4592281.87919	660.1218
5912371.13402	4592281.87919	683.6512
5952319.58763	4592281.87919	740.2322
5992268.04124	4592281.87919	512.58875
6032216.49485	4592281.87919	394.6857
6072164.94845	4592281.87919	81.391
6112113.40206	4592281.87919	33.13485
6152061.85567	4592281.87919	8.0729
6192010.30928	4592281.87919	4.1159
6231958.76289	4592281.87919	1
6271907.21649	4592281.87919	1
6311855.6701	4592281.87919	1
4314432.98969	4552348.99329	1
4354381.4433	4552348.99329	1
4434278.35052	4552348.99329	1
4474226.80412	4552348.99329	1
4514175.25773	4552348.99329	9.9505
4753865.97938	4552348.99329	1
4793814.43299	4552348.99329	1
5153350.51546	4552348.99329	1
5193298.96907	4552348.99329	33.3521
5233247.42268	4552348.99329	70.19835
5273195.87629	4552348.99329	98.2394
5313144.3299	4552348.99329	83.72435
5353092.78351	4552348.99329	136.45105
5393041.23711	4552348.99329	129.76435
5432989.69072	4552348.99329	133.1835
5472938.14433	4552348.99329	112.99355
5512886.59794	4552348.99329	170.504
5552835.05155	4552348.99329	399.5771
5592783.50515	4552348.99329	506.0581
5632731.95876	4552348.99329	463.267
5672680.41237	4552348.99329	495.8986
5712628.86598	4552348.99329	551.8829
5752577.31959	4552348.99329	641.84695
5792525.7732	4552348.99329	678.7471
5832474.2268	4552348.99329	680.4281
5872422.68041	4552348.99329	678.0084
5912371.13402	4552348.99329	669.4523
5952319.58763	4552348.99329	617.5479
5992268.04124	4552348.99329	517.2311
6032216.49485	4552348.99329	438.4976
6072164.94845	4552348.99329	389.5353
6112113.40206	4552348.99329	82.5283
6152061.85567	4552348.99329	15.06985
6192010.30928	4552348.99329	21.11325
6231958.76289	4552348.99329	32.0997
6271907.21649	4552348.99329	7.48695
6311855.6701	4552348.99329	1
4274484.53608	4512416.10738	1
4314432.98969	4512416.10738	9.9833
4354381.4433	4512416.10738	1
4434278.35052	4512416.10738	1
4474226.80412	4512416.10738	8.42635
4514175.25773	4512416.10738	6.2663
5193298.96907	4512416.10738	1
5233247.42268	4512416.10738	12.2996
5273195.87629	4512416.10738	88.4916
5313144.3299	4512416.10738	64.0878
5353092.78351	4512416.10738	79.20895
5393041.23711	4512416.10738	92.892
5432989.69072	4512416.10738	74.0333
5472938.14433	4512416.10738	75.5815
5512886.59794	4512416.10738	167.781
5552835.05155	4512416.10738	368.5158
5592783.50515	4512416.10738	358.2784
5632731.95876	4512416.10738	407.7291
5672680.41237	4512416.10738	473.3452
5712628.86598	4512416.10738	545.41055
5752577.31959	4512416.10738	702.2254
5792525.7732	4512416.10738	603.90785
5832474.2268	4512416.10738	572.78265
5872422.68041	4512416.10738	637.93725
5912371.13402	4512416.10738	637.16235
5952319.58763	4512416.10738	680.05795
5992268.04124	4512416.10738	648.8973
6032216.49485	4512416.10738	527.7659
6072164.94845	4512416.10738	548.4233
6112113.40206	4512416.10738	224.06015
6152061.85567	4512416.10738	19.64245
6192010.30928	4512416.10738	11.16905
6271907.21649	4512416.10738	3.2139
6311855.6701	4512416.10738	1
6351804.12371	4512416.10738	1
4274484.53608	4472483.22148	1
4314432.98969	4472483.22148	14.415
4354381.4433	4472483.22148	9.39305
4434278.35052	4472483.22148	10.08735
4474226.80412	4472483.22148	6.0436
5233247.42268	4472483.22148	17.422
5273195.87629	4472483.22148	3.13285
5313144.3299	4472483.22148	31.52925
5353092.78351	4472483.22148	24.511
5393041.23711	4472483.22148	34.1363
5432989.69072	4472483.22148	24.6311
5472938.14433	4472483.22148	52.64025
5512886.59794	4472483.22148	37.3037
5552835.05155	4472483.22148	78.3844
5592783.50515	4472483.22148	283.8654
5632731.95876	4472483.22148	409.8641
5672680.41237	4472483.22148	457.22385
5712628.86598	4472483.22148	523.77615
5752577.31959	4472483.22148	551.6892
5792525.7732	4472483.22148	471.3851
5832474.2268	4472483.22148	501.4028
5872422.68041	4472483.22148	580.73965
5912371.13402	4472483.22148	642.121
5952319.58763	4472483.22148	552.56265
5992268.04124	4472483.22148	583.3342
6032216.49485	4472483.22148	547.2781
6072164.94845	4472483.22148	566.0901
6112113.40206	4472483.22148	342.6067
6152061.85567	4472483.22148	270.7789
6192010.30928	4472483.22148	19.4647
6231958.76289	4472483.22148	3.35885
6311855.6701	4472483.22148	1
6351804.12371	4472483.22148	1
4354381.4433	4432550.33557	1
4434278.35052	4432550.33557	8.77265
4474226.80412	4432550.33557	1
5313144.3299	4432550.33557	260.2187
5353092.78351	4432550.33557	1
5393041.23711	4432550.33557	1
5432989.69072	4432550.33557	1
5472938.14433	4432550.33557	2.96665
5512886.59794	4432550.33557	15.1038
5552835.05155	4432550.33557	38.2185
5592783.50515	4432550.33557	158.3184
5632731.95876	4432550.33557	396.5608
5672680.41237	4432550.33557	490.47125
5712628.86598	4432550.33557	415.24945
5752577.31959	4432550.33557	473.2539
5792525.7732	4432550.33557	564.2554
5832474.2268	4432550.33557	543.53865
5872422.68041	4432550.33557	605.0123
5912371.13402	4432550.33557	624.6395
5952319.58763	4432550.33557	672.24645
5992268.04124	4432550.33557	550.96515
6032216.49485	4432550.33557	686.14485
6072164.94845	4432550.33557	462.4558
6112113.40206	4432550.33557	385.38975
6152061.85567	4432550.33557	294.40095
6192010.30928	4432550.33557	21.9425
6231958.76289	4432550.33557	8.66385
6271907.21649	4432550.33557	1
6311855.6701	4432550.33557	1
4354381.4433	4392617.44966	1
4394329.89691	4392617.44966	4.55445
4434278.35052	4392617.44966	14.551
4474226.80412	4392617.44966	15.4502
4514175.25773	4392617.44966	16.4289
5432989.69072	4392617.44966	1
5472938.14433	4392617.44966	1
5512886.59794	4392617.44966	1
5552835.05155	4392617.44966	37.65935
5592783.50515	4392617.44966	255.4208
5632731.95876	4392617.44966	237.7095
5672680.41237	4392617.44966	296.0364
5712628.86598	4392617.44966	357.00075
5752577.31959	4392617.44966	354.2509
5792525.7732	4392617.44966	433.7726
5832474.2268	4392617.44966	540.5329
5872422.68041	4392617.44966	493.3394
5912371.13402	4392617.44966	587.52725
5952319.58763	4392617.44966	636.98565
5992268.04124	4392617.44966	673.0178
6032216.49485	4392617.44966	676.9124
6072164.94845	4392617.44966	658.6902
6112113.40206	4392617.44966	588.7987
6152061.85567	4392617.44966	456.10165
6192010.30928	4392617.44966	21.6339
6231958.76289	4392617.44966	16.8858
6271907.21649	4392617.44966	1
6311855.6701	4392617.44966	1
4354381.4433	4352684.56376	1
4394329.89691	4352684.56376	39.8703
4434278.35052	4352684.56376	24.8414
4474226.80412	4352684.56376	18.2124
4514175.25773	4352684.56376	13.14965
5512886.59794	4352684.56376	1
5552835.05155	4352684.56376	1
5592783.50515	4352684.56376	19.4352
5632731.95876	4352684.56376	58.6057
5672680.41237	4352684.56376	139.48345
5712628.86598	4352684.56376	227.9297
5752577.31959	4352684.56376	401.54615
5792525.7732	4352684.56376	375.098
5832474.2268	4352684.56376	409.47215
5872422.68041	4352684.56376	485.3946
5912371.13402	4352684.56376	645.13325
5952319.58763	4352684.56376	772.2509
5992268.04124	4352684.56376	600.26185
6032216.49485	4352684.56376	566.51415
6072164.94845	4352684.56376	433.1688
6112113.40206	4352684.56376	352.123
6152061.85567	4352684.56376	532.5969
6192010.30928	4352684.56376	105.19295
6231958.76289	4352684.56376	32.77795
6271907.21649	4352684.56376	1
6311855.6701	4352684.56376	1
4314432.98969	4312751.67785	1
4354381.4433	4312751.67785	20.8122
4394329.89691	4312751.67785	1
4434278.35052	4312751.67785	19.66095
4474226.80412	4312751.67785	16.64085
4514175.25773	4312751.67785	30.076
5592783.50515	4312751.67785	1
5632731.95876	4312751.67785	14.0487
5672680.41237	4312751.67785	51.3284
5712628.86598	4312751.67785	159.1871
5752577.31959	4312751.67785	201.64535
5792525.7732	4312751.67785	297.84825
5832474.2268	4312751.67785	434.29665
5872422.68041	4312751.67785	472.72375
5912371.13402	4312751.67785	515.6867
5952319.58763	4312751.67785	564.3101
5992268.04124	4312751.67785	516.32895
6032216.49485	4312751.67785	546.5662
6072164.94845	4312751.67785	604.1739
6112113.40206	4312751.67785	569.004
6152061.85567	4312751.67785	490.45065
6192010.30928	4312751.67785	514.9265
6231958.76289	4312751.67785	150.3226
6271907.21649	4312751.67785	24.50235
6311855.6701	4312751.67785	1
4314432.98969	4272818.79195	1
4354381.4433	4272818.79195	1
4394329.89691	4272818.79195	1
4434278.35052	4272818.79195	1
4474226.80412	4272818.79195	7.4723
4514175.25773	4272818.79195	12.7838
5632731.95876	4272818.79195	11.03765
5672680.41237	4272818.79195	1
5712628.86598	4272818.79195	89.2552
5752577.31959	4272818.79195	103.5632
5792525.7732	4272818.79195	264.7031
5832474.2268	4272818.79195	291.43865
5872422.68041	4272818.79195	482.85605
5912371.13402	4272818.79195	572.44255
5952319.58763	4272818.79195	569.57545
5992268.04124	4272818.79195	467.9466
6032216.49485	4272818.79195	489.9302
6072164.94845	4272818.79195	539.83275
6112113.40206	4272818.79195	513.5303
6152061.85567	4272818.79195	490.0628
6192010.30928	4272818.79195	349.8856
6231958.76289	4272818.79195	101.8686
6271907.21649	4272818.79195	58.61655
6311855.6701	4272818.79195	5.2824
5672680.41237	4232885.90604	1
5712628.86598	4232885.90604	10.41475
5752577.31959	4232885.90604	72.83195
5792525.7732	4232885.90604	231.09525
5832474.2268	4232885.90604	320.2627
5872422.68041	4232885.90604	469.37805
5912371.13402	4232885.90604	546.8442
5952319.58763	4232885.90604	475.3432
5992268.04124	4232885.90604	455.9206
6032216.49485	4232885.90604	470.4679
6072164.94845	4232885.90604	491.8341
6112113.40206	4232885.90604	450.4799
6152061.85567	4232885.90604	492.32795
6192010.30928	4232885.90604	504.3171
6231958.76289	4232885.90604	298.56715
6271907.21649	4232885.90604	52.7585
6311855.6701	4232885.90604	1
1398195.87629	4192953.02013	1
1438144.3299	4192953.02013	1
1478092.78351	4192953.02013	1
1518041.23711	4192953.02013	1
1557989.69072	4192953.02013	1
5712628.86598	4192953.02013	1
5752577.31959	4192953.02013	121.1126
5792525.7732	4192953.02013	197.45335
5832474.2268	4192953.02013	346.0503
5872422.68041	4192953.02013	429.931
5912371.13402	4192953.02013	472.15705
5952319.58763	4192953.02013	434.45675
5992268.04124	4192953.02013	499.81795
6032216.49485	4192953.02013	579.7672
6072164.94845	4192953.02013	574.02045
6112113.40206	4192953.02013	527.9703
6152061.85567	4192953.02013	429.43695
6192010.30928	4192953.02013	305.68055
6231958.76289	4192953.02013	288.9892
6271907.21649	4192953.02013	115.7951
6311855.6701	4192953.02013	1
1398195.87629	4153020.13423	1
1438144.3299	4153020.13423	1.28585
1478092.78351	4153020.13423	1
1518041.23711	4153020.13423	1
1557989.69072	4153020.13423	7.1664
1597938.14433	4153020.13423	1
1637886.59794	4153020.13423	1
1677835.05155	4153020.13423	1
5712628.86598	4153020.13423	1
5752577.31959	4153020.13423	1
5792525.7732	4153020.13423	98.6944
5832474.2268	4153020.13423	159.7271
5872422.68041	4153020.13423	282.6934
5912371.13402	4153020.13423	377.7024
5952319.58763	4153020.13423	428.90895
5992268.04124	4153020.13423	486.2215
6032216.49485	4153020.13423	542.62255
6072164.94845	4153020.13423	543.0256
6112113.40206	4153020.13423	431.76235
6152061.85567	4153020.13423	202.16805
6192010.30928	4153020.13423	172.55765
6231958.76289	4153020.13423	201.23335
6271907.21649	4153020.13423	35.6873
6311855.6701	4153020.13423	9.8177
1318298.96907	4113087.24832	1
1358247.42268	4113087.24832	1
1398195.87629	4113087.24832	1
1438144.3299	4113087.24832	1
1478092.78351	4113087.24832	5.2599
1557989.69072	4113087.24832	3.8928
1597938.14433	4113087.24832	4.51335
1637886.59794	4113087.24832	1
1677835.05155	4113087.24832	1
5752577.31959	4113087.24832	1
5792525.7732	4113087.24832	1
5832474.2268	4113087.24832	1
5872422.68041	4113087.24832	244.8316
5912371.13402	4113087.24832	343.0484
5952319.58763	4113087.24832	369.68765
5992268.04124	4113087.24832	448.5887
6032216.49485	4113087.24832	436.43045
6072164.94845	4113087.24832	527.04905
6112113.40206	4113087.24832	431.3878
6152061.85567	4113087.24832	277.2022
6192010.30928	4113087.24832	278.2112
6231958.76289	4113087.24832	50.2108
6271907.21649	4113087.24832	31.3422
6311855.6701	4113087.24832	10.167
6351804.12371	4113087.24832	1
1278350.51546	4073154.36242	1
1318298.96907	4073154.36242	1
1358247.42268	4073154.36242	7.7622
1398195.87629	4073154.36242	1
1438144.3299	4073154.36242	7.2255
1478092.78351	4073154.36242	1
1757731.95876	4073154.36242	1
1797680.41237	4073154.36242	1
5832474.2268	4073154.36242	1
5872422.68041	4073154.36242	95.4307
5912371.13402	4073154.36242	276.8907
5952319.58763	4073154.36242	327.4436
5992268.04124	4073154.36242	381.19125
6032216.49485	4073154.36242	420.8161
6072164.94845	4073154.36242	434.7372
6112113.40206	4073154.36242	416.95635
6152061.85567	4073154.36242	378.5567
6192010.30928	4073154.36242	257.2292
6231958.76289	4073154.36242	80.24785
6271907.21649	4073154.36242	127.5484
6311855.6701	4073154.36242	47.9128
6351804.12371	4073154.36242	6.13565
6391752.57732	4073154.36242	1
1238402.06186	4033221.47651	1
1278350.51546	4033221.47651	5.505
1318298.96907	4033221.47651	1
1358247.42268	4033221.47651	1.1968
1398195.87629	4033221.47651	6.6093
1757731.95876	4033221.47651	5.76765
1797680.41237	4033221.47651	1
5832474.2268	4033221.47651	1
5872422.68041	4033221.47651	1
5912371.13402	4033221.47651	1
5952319.58763	4033221.47651	133.3826
5992268.04124	4033221.47651	276.2257
6032216.49485	4033221.47651	332.6491
6072164.94845	4033221.47651	295.2144
6112113.40206	4033221.47651	439.30275
6152061.85567	4033221.47651	367.8455
6192010.30928	4033221.47651	141.28745
6231958.76289	4033221.47651	120.65615
6271907.21649	4033221.47651	49.7519
6311855.6701	4033221.47651	22.2911
6351804.12371	4033221.47651	21.3312
6391752.57732	4033221.47651	1
1038659.79381	3993288.5906	1
1078608.24742	3993288.5906	1
1118556.70103	3993288.5906	6.0732
1278350.51546	3993288.5906	3.1931
1557989.69072	3993288.5906	1
1597938.14433	3993288.5906	8.02665
1637886.59794	3993288.5906	1
1757731.95876	3993288.5906	5.859
1797680.41237	3993288.5906	4.7801
1837628.86598	3993288.5906	1
4514175.25773	3993288.5906	1
4554123.71134	3993288.5906	1
4594072.16495	3993288.5906	1
4634020.61856	3993288.5906	1
4673969.07216	3993288.5906	1
4713917.52577	3993288.5906	1
4753865.97938	3993288.5906	1
5912371.13402	3993288.5906	1
5952319.58763	3993288.5906	70.85415
5992268.04124	3993288.5906	346.6317
6032216.49485	3993288.5906	347.2847
6072164.94845	3993288.5906	243.5779
6112113.40206	3993288.5906	255.24775
6152061.85567	3993288.5906	297.9312
6192010.30928	3993288.5906	81.1937
6231958.76289	3993288.5906	84.30595
6271907.21649	3993288.5906	190.1471
6311855.6701	3993288.5906	31.0823
6351804.12371	3993288.5906	31.5071
6391752.57732	3993288.5906	1
6431701.03093	3993288.5906	1
1038659.79381	3953355.7047	1
1078608.24742	3953355.7047	7.12585
1118556.70103	3953355.7047	1
1158505.15464	3953355.7047	1
1518041.23711	3953355.7047	1
1557989.69072	3953355.7047	1
1597938.14433	3953355.7047	1
1637886.59794	3953355.7047	1
1797680.41237	3953355.7047	7.0263
1837628.86598	3953355.7047	1
4434278.35052	3953355.7047	40.95325
4474226.80412	3953355.7047	1
4514175.25773	3953355.7047	63.6454
4554123.71134	3953355.7047	126.6431
4594072.16495	3953355.7047	110.5495
4634020.61856	3953355.7047	38.9931
4673969.07216	3953355.7047	57.8294
4713917.52577	3953355.7047	56.7666
4753865.97938	3953355.7047	1
4793814.43299	3953355.7047	1
4833762.8866	3953355.7047	1
4873711.34021	3953355.7047	1
5912371.13402	3953355.7047	1
5952319.58763	3953355.7047	1
5992268.04124	3953355.7047	177.50825
6032216.49485	3953355.7047	259.8324
6072164.94845	3953355.7047	259.12575
6112113.40206	3953355.7047	300.3876
6152061.85567	3953355.7047	428.7245
6192010.30928	3953355.7047	287.1834
6231958.76289	3953355.7047	205.6258
6271907.21649	3953355.7047	286.41545
6311855.6701	3953355.7047	112.0388
6351804.12371	3953355.7047	28.7945
6391752.57732	3953355.7047	1
6431701.03093	3953355.7047	1
1318298.96907	3913422.81879	1
1358247.42268	3913422.81879	1
1398195.87629	3913422.81879	1
1478092.78351	3913422.81879	1
1518041.23711	3913422.81879	1.964
1557989.69072	3913422.81879	1
1597938.14433	3913422.81879	1
1637886.59794	3913422.81879	1
1797680.41237	3913422.81879	1
1837628.86598	3913422.81879	1
4034793.81443	3913422.81879	25.97025
4074742.26804	3913422.81879	8.028
4114690.72165	3913422.81879	1
4394329.89691	3913422.81879	1.4889
4434278.35052	3913422.81879	91.4006
4474226.80412	3913422.81879	157.4736
4514175.25773	3913422.81879	217.0371
4554123.71134	3913422.81879	153.8756
4594072.16495	3913422.81879	121.8035
4634020.61856	3913422.81879	1
4673969.07216	3913422.81879	1
4713917.52577	3913422.81879	56.9657
4753865.97938	3913422.81879	87.05965
4793814.43299	3913422.81879	127.7241
4833762.8866	3913422.81879	126.55605
4873711.34021	3913422.81879	1
4913659.79381	3913422.81879	1
4953608.24742	3913422.81879	1
5832474.2268	3913422.81879	1
5872422.68041	3913422.81879	1
5912371.13402	3913422.81879	1
5952319.58763	3913422.81879	1
5992268.04124	3913422.81879	26.9623
6032216.49485	3913422.81879	265.19425
6072164.94845	3913422.81879	104.81745
6112113.40206	3913422.81879	174.4494
6152061.85567	3913422.81879	491.9735
6192010.30928	3913422.81879	433.5306
6231958.76289	3913422.81879	491.396
6271907.21649	3913422.81879	368.9388
6311855.6701	3913422.81879	105.5369
6351804.12371	3913422.81879	21.0376
6391752.57732	3913422.81879	8.6175
6431701.03093	3913422.81879	1
1278350.51546	3873489.93289	1
1318298.96907	3873489.93289	5.5864
1358247.42268	3873489.93289	4.8281
1398195.87629	3873489.93289	1
1438144.3299	3873489.93289	1
1478092.78351	3873489.93289	1
1518041.23711	3873489.93289	4.26715
1557989.69072	3873489.93289	6.3313
1597938.14433	3873489.93289	10.9404
1637886.59794	3873489.93289	1
4034793.81443	3873489.93289	12.0946
4074742.26804	3873489.93289	50.2407
4114690.72165	3873489.93289	27.2065
4394329.89691	3873489.93289	34.6916
4434278.35052	3873489.93289	180.9879
4474226.80412	3873489.93289	179.67855
4514175.25773	3873489.93289	184.0561
4554123.71134	3873489.93289	50.1365
4594072.16495	3873489.93289	1
4713917.52577	3873489.93289	1
4753865.97938	3873489.93289	1
4793814.43299	3873489.93289	1
4833762.8866	3873489.93289	69.0696
4873711.34021	3873489.93289	136.2193
4913659.79381	3873489.93289	108.46975
4953608.24742	3873489.93289	1
4993556.70103	3873489.93289	1
5832474.2268	3873489.93289	1
5872422.68041	3873489.93289	1
5912371.13402	3873489.93289	1
5952319.58763	3873489.93289	1
5992268.04124	3873489.93289	1
6032216.49485	3873489.93289	1
6072164.94845	3873489.93289	161.7736
6112113.40206	3873489.93289	110.5057
6152061.85567	3873489.93289	103.78165
6192010.30928	3873489.93289	390.27635
6231958.76289	3873489.93289	507.2475
6271907.21649	3873489.93289	516.7547
6311855.6701	3873489.93289	243.5239
6351804.12371	3873489.93289	19.1989
6391752.57732	3873489.93289	18.6744
6431701.03093	3873489.93289	1
6471649.48454	3873489.93289	1
6511597.93814	3873489.93289	1
1398195.87629	3833557.04698	1
1438144.3299	3833557.04698	2.2432
1478092.78351	3833557.04698	1
1557989.69072	3833557.04698	1
1597938.14433	3833557.04698	6.2809
1637886.59794	3833557.04698	1
1717783.50515	3833557.04698	1
1757731.95876	3833557.04698	1
1797680.41237	3833557.04698	1
4034793.81443	3833557.04698	11.8148
4074742.26804	3833557.04698	64.0461
4114690.72165	3833557.04698	42.09205
4154639.17526	3833557.04698	14.8792
4394329.89691	3833557.04698	1
4434278.35052	3833557.04698	1
4474226.80412	3833557.04698	51.35715
4514175.25773	3833557.04698	1
4554123.71134	3833557.04698	1
4793814.43299	3833557.04698	1
4833762.8866	3833557.04698	1
4873711.34021	3833557.04698	17.7086
4913659.79381	3833557.04698	130.7272
4953608.24742	3833557.04698	127.65845
4993556.70103	3833557.04698	16.984
5033505.15464	3833557.04698	1
6032216.49485	3833557.04698	1
6072164.94845	3833557.04698	1
6112113.40206	3833557.04698	24.1315
6152061.85567	3833557.04698	269.0442
6192010.30928	3833557.04698	233.6274
6231958.76289	3833557.04698	132.6117
6271907.21649	3833557.04698	44.50885
6311855.6701	3833557.04698	41.0274
6351804.12371	3833557.04698	24.6334
6391752.57732	3833557.04698	45.33505
6431701.03093	3833557.04698	10.65395
6471649.48454	3833557.04698	1
6511597.93814	3833557.04698	1
1597938.14433	3793624.16107	1
1637886.59794	3793624.16107	1
1717783.50515	3793624.16107	1
1757731.95876	3793624.16107	9.0901
1797680.41237	3793624.16107	1
1837628.86598	3793624.16107	1
4034793.81443	3793624.16107	22.0961
4074742.26804	3793624.16107	84.6272
4114690.72165	3793624.16107	63.48985
4154639.17526	3793624.16107	16.729
4434278.35052	3793624.16107	1
4474226.80412	3793624.16107	1
4873711.34021	3793624.16107	1
4913659.79381	3793624.16107	1
4953608.24742	3793624.16107	64.839
4993556.70103	3793624.16107	124.0167
5033505.15464	3793624.16107	56.7608
5073453.60825	3793624.16107	1
5113402.06186	3793624.16107	1
6072164.94845	3793624.16107	1
6112113.40206	3793624.16107	5.6478
6152061.85567	3793624.16107	26.6445
6192010.30928	3793624.16107	179.6851
6231958.76289	3793624.16107	62.72045
6271907.21649	3793624.16107	35.2685
6311855.6701	3793624.16107	123.5762
6351804.12371	3793624.16107	256.6735
6391752.57732	3793624.16107	34.84595
6431701.03093	3793624.16107	40.464
6471649.48454	3793624.16107	7.63985
6511597.93814	3793624.16107	1
1597938.14433	3753691.27517	1
1637886.59794	3753691.27517	2.44565
1677835.05155	3753691.27517	1
1717783.50515	3753691.27517	1
1757731.95876	3753691.27517	9.5269
1797680.41237	3753691.27517	5.5036
1837628.86598	3753691.27517	1
4034793.81443	3753691.27517	1
4074742.26804	3753691.27517	104.90965
4114690.72165	3753691.27517	96.9771
4154639.17526	3753691.27517	30.4609
4953608.24742	3753691.27517	1
4993556.70103	3753691.27517	1
5033505.15464	3753691.27517	94.5476
5073453.60825	3753691.27517	129.98045
5113402.06186	3753691.27517	6.9776
5153350.51546	3753691.27517	1
5193298.96907	3753691.27517	1
6112113.40206	3753691.27517	1
6152061.85567	3753691.27517	1
6192010.30928	3753691.27517	20.0016
6231958.76289	3753691.27517	110.6841
6271907.21649	3753691.27517	57.642
6311855.6701	3753691.27517	108.71935
6351804.12371	3753691.27517	42.6835
6391752.57732	3753691.27517	394.6036
6431701.03093	3753691.27517	24.33585
6471649.48454	3753691.27517	22.72115
6511597.93814	3753691.27517	1
1597938.14433	3713758.38926	1
1637886.59794	3713758.38926	5.9126
1677835.05155	3713758.38926	1
1717783.50515	3713758.38926	1
1757731.95876	3713758.38926	1
1797680.41237	3713758.38926	11.8844
1837628.86598	3713758.38926	1
4074742.26804	3713758.38926	11.3341
4114690.72165	3713758.38926	48.52785
4154639.17526	3713758.38926	1
4993556.70103	3713758.38926	1
5033505.15464	3713758.38926	1
5073453.60825	3713758.38926	124.69085
5113402.06186	3713758.38926	155.6536
5153350.51546	3713758.38926	60.5406
5193298.96907	3713758.38926	1
5233247.42268	3713758.38926	1
5273195.87629	3713758.38926	1
5313144.3299	3713758.38926	1
6072164.94845	3713758.38926	1
6112113.40206	3713758.38926	1
6152061.85567	3713758.38926	1
6192010.30928	3713758.38926	1
6231958.76289	3713758.38926	14.9301
6271907.21649	3713758.38926	75.9129
6311855.6701	3713758.38926	425.9201
6351804.12371	3713758.38926	73.7612
6391752.57732	3713758.38926	37.248
6431701.03093	3713758.38926	1
6471649.48454	3713758.38926	1
6511597.93814	3713758.38926	1
6551546.39175	3713758.38926	1
1597938.14433	3673825.50336	1
1637886.59794	3673825.50336	10.6294
1677835.05155	3673825.50336	1
1717783.50515	3673825.50336	1
1757731.95876	3673825.50336	3.0534
1797680.41237	3673825.50336	4.035
1837628.86598	3673825.50336	1
5073453.60825	3673825.50336	1
5113402.06186	3673825.50336	88.0484
5153350.51546	3673825.50336	122.90385
5193298.96907	3673825.50336	101.8973
5233247.42268	3673825.50336	31.76645
5273195.87629	3673825.50336	20.7704
5313144.3299	3673825.50336	1
5353092.78351	3673825.50336	1
5393041.23711	3673825.50336	1
6192010.30928	3673825.50336	1
6231958.76289	3673825.50336	1
6271907.21649	3673825.50336	18.8076
6311855.6701	3673825.50336	1
6351804.12371	3673825.50336	55.3042
6391752.57732	3673825.50336	43.4252
6431701.03093	3673825.50336	1
6471649.48454	3673825.50336	1
6511597.93814	3673825.50336	1
6551546.39175	3673825.50336	1
1597938.14433	3633892.61745	1
1637886.59794	3633892.61745	25.5609
1677835.05155	3633892.61745	7.26115
1717783.50515	3633892.61745	18.2501
1757731.95876	3633892.61745	5.1434
1797680.41237	3633892.61745	6.28205
1837628.86598	3633892.61745	1
5073453.60825	3633892.61745	1
5113402.06186	3633892.61745	47.2648
5153350.51546	3633892.61745	96.0276
5193298.96907	3633892.61745	68.8029
5233247.42268	3633892.61745	1
5273195.87629	3633892.61745	7.94575
5313144.3299	3633892.61745	4.2364
5353092.78351	3633892.61745	13.5899
5393041.23711	3633892.61745	1
6192010.30928	3633892.61745	1
6231958.76289	3633892.61745	1
6271907.21649	3633892.61745	1
6311855.6701	3633892.61745	1
6351804.12371	3633892.61745	1
6391752.57732	3633892.61745	36.20435
6431701.03093	3633892.61745	1
1677835.05155	3593959.73154	1
1717783.50515	3593959.73154	20.5362
1757731.95876	3593959.73154	6.97815
1797680.41237	3593959.73154	19.9649
1837628.86598	3593959.73154	1
1877577.31959	3593959.73154	1
4114690.72165	3593959.73154	41.59355
4154639.17526	3593959.73154	30.4003
4194587.62887	3593959.73154	1
4234536.08247	3593959.73154	52.04975
4274484.53608	3593959.73154	31.9465
5113402.06186	3593959.73154	1
5153350.51546	3593959.73154	116.1555
5193298.96907	3593959.73154	43.1886
5233247.42268	3593959.73154	1
5353092.78351	3593959.73154	1
5393041.23711	3593959.73154	1
6351804.12371	3593959.73154	1
6391752.57732	3593959.73154	1
6431701.03093	3593959.73154	1
1677835.05155	3554026.84564	3.30335
1717783.50515	3554026.84564	7.052
1757731.95876	3554026.84564	3.93935
1877577.31959	3554026.84564	1
4074742.26804	3554026.84564	57.933
4114690.72165	3554026.84564	108.7054
4154639.17526	3554026.84564	137.8179
4194587.62887	3554026.84564	112.493
4234536.08247	3554026.84564	110.651
4274484.53608	3554026.84564	76.2148
4314432.98969	3554026.84564	9.931
5153350.51546	3554026.84564	52.021
5193298.96907	3554026.84564	122.2339
5233247.42268	3554026.84564	1
1717783.50515	3514093.95973	31.0482
1757731.95876	3514093.95973	9.1968
1797680.41237	3514093.95973	20.0867
1837628.86598	3514093.95973	19.85435
1877577.31959	3514093.95973	1
4034793.81443	3514093.95973	31.9389
4074742.26804	3514093.95973	100.4171
4114690.72165	3514093.95973	140.464
4154639.17526	3514093.95973	157.7275
4194587.62887	3514093.95973	175.6773
4234536.08247	3514093.95973	148.7873
4274484.53608	3514093.95973	160.6755
4314432.98969	3514093.95973	67.6683
4354381.4433	3514093.95973	27.2439
5153350.51546	3514093.95973	41.2324
5193298.96907	3514093.95973	125.1523
5233247.42268	3514093.95973	1
1717783.50515	3474161.07383	23.7626
1757731.95876	3474161.07383	9.2841
1797680.41237	3474161.07383	5.1418
1837628.86598	3474161.07383	11.4657
1877577.31959	3474161.07383	1
3994845.36082	3474161.07383	20.8424
4034793.81443	3474161.07383	81.81955
4074742.26804	3474161.07383	134.2205
4114690.72165	3474161.07383	169.04225
4154639.17526	3474161.07383	174.52625
4194587.62887	3474161.07383	214.4413
4234536.08247	3474161.07383	169.2247
4274484.53608	3474161.07383	159.5226
4314432.98969	3474161.07383	108.6374
4354381.4433	3474161.07383	43.1916
4394329.89691	3474161.07383	17.7052
5153350.51546	3474161.07383	1
5193298.96907	3474161.07383	72.9094
5233247.42268	3474161.07383	90.1159
5273195.87629	3474161.07383	1
1757731.95876	3434228.18792	1
1797680.41237	3434228.18792	1
1837628.86598	3434228.18792	31.0176
1877577.31959	3434228.18792	1
2157216.49485	3434228.18792	1
2197164.94845	3434228.18792	1
3954896.90722	3434228.18792	1
3994845.36082	3434228.18792	63.0668
4034793.81443	3434228.18792	173.7708
4074742.26804	3434228.18792	154.45005
4114690.72165	3434228.18792	208.1068
4154639.17526	3434228.18792	255.1564
4194587.62887	3434228.18792	262.7871
4234536.08247	3434228.18792	194.27745
4274484.53608	3434228.18792	156.4577
4314432.98969	3434228.18792	162.4738
4354381.4433	3434228.18792	82.0567
4394329.89691	3434228.18792	55.06395
5193298.96907	3434228.18792	1
5233247.42268	3434228.18792	108.9314
5273195.87629	3434228.18792	52.9029
5313144.3299	3434228.18792	1
5353092.78351	3434228.18792	1
1757731.95876	3394295.30201	1
1797680.41237	3394295.30201	14.80795
1837628.86598	3394295.30201	4.4177
1877577.31959	3394295.30201	1
1957474.2268	3394295.30201	1
1997422.68041	3394295.30201	1
2077319.58763	3394295.30201	7.9134
2117268.04124	3394295.30201	1
2157216.49485	3394295.30201	24.7774
2197164.94845	3394295.30201	1
3954896.90722	3394295.30201	1
3994845.36082	3394295.30201	153.2444
4034793.81443	3394295.30201	237.49245
4074742.26804	3394295.30201	126.06485
4114690.72165	3394295.30201	178.5674
4154639.17526	3394295.30201	305.8746
4194587.62887	3394295.30201	292.21345
4234536.08247	3394295.30201	265.64865
4274484.53608	3394295.30201	212.3518
4314432.98969	3394295.30201	171.7732
4354381.4433	3394295.30201	93.6017
4394329.89691	3394295.30201	75.7022
4434278.35052	3394295.30201	1.92765
5233247.42268	3394295.30201	1
5273195.87629	3394295.30201	59.3831
5313144.3299	3394295.30201	142.7944
5353092.78351	3394295.30201	1
5393041.23711	3394295.30201	1
5432989.69072	3394295.30201	1
1757731.95876	3354362.41611	1
1797680.41237	3354362.41611	1
1837628.86598	3354362.41611	1
1877577.31959	3354362.41611	1
1917525.7732	3354362.41611	1
1957474.2268	3354362.41611	1
1997422.68041	3354362.41611	1
2077319.58763	3354362.41611	1
2117268.04124	3354362.41611	1
2157216.49485	3354362.41611	4.8751
2197164.94845	3354362.41611	13.0661
2237113.40206	3354362.41611	1
3954896.90722	3354362.41611	1
3994845.36082	3354362.41611	178.5244
4034793.81443	3354362.41611	243.146
4074742.26804	3354362.41611	155.8218
4114690.72165	3354362.41611	258.4565
4154639.17526	3354362.41611	243.3301
4194587.62887	3354362.41611	292.06875
4234536.08247	3354362.41611	269.89475
4274484.53608	3354362.41611	182.40105
4314432.98969	3354362.41611	216.3105
4354381.4433	3354362.41611	149.3819
4394329.89691	3354362.41611	121.25665
4434278.35052	3354362.41611	52.27435
5273195.87629	3354362.41611	1
5313144.3299	3354362.41611	1
5353092.78351	3354362.41611	110.7452
5393041.23711	3354362.41611	149.9984
5432989.69072	3354362.41611	1
5472938.14433	3354362.41611	1
1757731.95876	3314429.5302	7.4637
1797680.41237	3314429.5302	13.43595
1877577.31959	3314429.5302	1
1917525.7732	3314429.5302	1
1957474.2268	3314429.5302	37.47525
1997422.68041	3314429.5302	1
2157216.49485	3314429.5302	1
2197164.94845	3314429.5302	11.0911
2237113.40206	3314429.5302	1
2277061.85567	3314429.5302	1
2317010.30928	3314429.5302	1
2356958.76289	3314429.5302	1
2396907.21649	3314429.5302	1
2436855.6701	3314429.5302	1
3954896.90722	3314429.5302	13.7216
3994845.36082	3314429.5302	156.6428
4034793.81443	3314429.5302	216.15115
4074742.26804	3314429.5302	203.5198
4114690.72165	3314429.5302	261.6015
4154639.17526	3314429.5302	272.1423
4194587.62887	3314429.5302	306.5151
4234536.08247	3314429.5302	258.14325
4274484.53608	3314429.5302	152.86265
4314432.98969	3314429.5302	136.64755
4354381.4433	3314429.5302	170.31705
4394329.89691	3314429.5302	142.2452
4434278.35052	3314429.5302	36.98385
5353092.78351	3314429.5302	1
5393041.23711	3314429.5302	1
5432989.69072	3314429.5302	1
5472938.14433	3314429.5302	1
1757731.95876	3274496.6443	1
1797680.41237	3274496.6443	6.1091
1837628.86598	3274496.6443	1
1877577.31959	3274496.6443	1
1917525.7732	3274496.6443	1
1957474.2268	3274496.6443	1
1997422.68041	3274496.6443	1
2157216.49485	3274496.6443	1
2197164.94845	3274496.6443	1
2237113.40206	3274496.6443	17.0003
2277061.85567	3274496.6443	1
2317010.30928	3274496.6443	1
2356958.76289	3274496.6443	1
2396907.21649	3274496.6443	1
2436855.6701	3274496.6443	1
3954896.90722	3274496.6443	1
3994845.36082	3274496.6443	138.01035
4034793.81443	3274496.6443	223.1978
4074742.26804	3274496.6443	225.5308
4114690.72165	3274496.6443	292.28845
4154639.17526	3274496.6443	257.9064
4194587.62887	3274496.6443	236.8916
4234536.08247	3274496.6443	149.6265
4274484.53608	3274496.6443	132.90555
4314432.98969	3274496.6443	299.75585
4354381.4433	3274496.6443	138.3545
4394329.89691	3274496.6443	109.0855
4434278.35052	3274496.6443	57.6289
1757731.95876	3234563.75839	3.9527
1797680.41237	3234563.75839	1
1877577.31959	3234563.75839	1
1917525.7732	3234563.75839	1
1957474.2268	3234563.75839	1
2157216.49485	3234563.75839	1
2197164.94845	3234563.75839	1
2237113.40206	3234563.75839	1
2277061.85567	3234563.75839	1
2396907.21649	3234563.75839	1
2436855.6701	3234563.75839	1
3954896.90722	3234563.75839	1
3994845.36082	3234563.75839	59.6326
4034793.81443	3234563.75839	230.1924
4074742.26804	3234563.75839	226.18475
4114690.72165	3234563.75839	254.7861
4154639.17526	3234563.75839	225.5235
4194587.62887	3234563.75839	253.7511
4234536.08247	3234563.75839	239.1628
4274484.53608	3234563.75839	170.69805
4314432.98969	3234563.75839	97.696
4354381.4433	3234563.75839	106.2035
4394329.89691	3234563.75839	81.7704
4434278.35052	3234563.75839	35.00695
1877577.31959	3194630.87248	1
1917525.7732	3194630.87248	5.5223
1957474.2268	3194630.87248	1
2157216.49485	3194630.87248	1
2197164.94845	3194630.87248	1.3588
3994845.36082	3194630.87248	1
4034793.81443	3194630.87248	154.8173
4074742.26804	3194630.87248	219.2096
4114690.72165	3194630.87248	210.8192
4154639.17526	3194630.87248	228.9643
4194587.62887	3194630.87248	242.3215
4234536.08247	3194630.87248	215.56915
4274484.53608	3194630.87248	176.00935
4314432.98969	3194630.87248	148.179
4354381.4433	3194630.87248	112.9545
4394329.89691	3194630.87248	9.5002
1877577.31959	3154697.98658	1
1917525.7732	3154697.98658	12.59965
1957474.2268	3154697.98658	1
4034793.81443	3154697.98658	1
4074742.26804	3154697.98658	120.966
4114690.72165	3154697.98658	174.6573
4154639.17526	3154697.98658	201.4545
4194587.62887	3154697.98658	205.30615
4234536.08247	3154697.98658	180.1388
4274484.53608	3154697.98658	148.41495
4314432.98969	3154697.98658	105.85335
4354381.4433	3154697.98658	1
4394329.89691	3154697.98658	1
1917525.7732	3114765.10067	6.53345
1957474.2268	3114765.10067	1
4074742.26804	3114765.10067	4.2853
4114690.72165	3114765.10067	45.7319
4154639.17526	3114765.10067	89.8142
4194587.62887	3114765.10067	168.78715
4234536.08247	3114765.10067	159.6426
4274484.53608	3114765.10067	57.5092
4314432.98969	3114765.10067	1
1917525.7732	3074832.21477	1
1957474.2268	3074832.21477	1
4154639.17526	3074832.21477	1
4194587.62887	3074832.21477	1
4234536.08247	3074832.21477	21.5253
4274484.53608	3074832.21477	1
1877577.31959	3034899.32886	1
1917525.7732	3034899.32886	14.50535
1957474.2268	3034899.32886	1
1877577.31959	2994966.44295	1
1917525.7732	2994966.44295	11.1098
1957474.2268	2994966.44295	1
1877577.31959	2955033.55705	1
1917525.7732	2955033.55705	8.1728
1957474.2268	2955033.55705	1
1997422.68041	2955033.55705	1
2037371.13402	2955033.55705	1
1877577.31959	2915100.67114	1
1917525.7732	2915100.67114	1
1957474.2268	2915100.67114	1
1997422.68041	2915100.67114	1
2037371.13402	2915100.67114	1
2077319.58763	2915100.67114	1
2117268.04124	2915100.67114	1
2237113.40206	2915100.67114	1
1917525.7732	2875167.78523	1
1957474.2268	2875167.78523	1
1997422.68041	2875167.78523	1
2077319.58763	2875167.78523	1
2117268.04124	2875167.78523	8.698
2157216.49485	2875167.78523	6.627
2237113.40206	2875167.78523	1
2277061.85567	2875167.78523	1
2317010.30928	2875167.78523	1
2356958.76289	2875167.78523	1
2396907.21649	2875167.78523	1
1917525.7732	2835234.89933	1
1957474.2268	2835234.89933	13.2685
1997422.68041	2835234.89933	1
2117268.04124	2835234.89933	1
2157216.49485	2835234.89933	1
2197164.94845	2835234.89933	1
2237113.40206	2835234.89933	1
2277061.85567	2835234.89933	1
2317010.30928	2835234.89933	5.9201
2356958.76289	2835234.89933	11.67035
2396907.21649	2835234.89933	1
5712628.86598	2835234.89933	1
5752577.31959	2835234.89933	1
5792525.7732	2835234.89933	1
5832474.2268	2835234.89933	1
1917525.7732	2795302.01342	7.729
1957474.2268	2795302.01342	13.7463
1997422.68041	2795302.01342	1
2157216.49485	2795302.01342	1
2197164.94845	2795302.01342	1
2317010.30928	2795302.01342	11.786
2356958.76289	2795302.01342	21.4454
2396907.21649	2795302.01342	1
5712628.86598	2795302.01342	32.3819
5752577.31959	2795302.01342	59.21365
5792525.7732	2795302.01342	83.8549
5832474.2268	2795302.01342	1
5872422.68041	2795302.01342	1
1917525.7732	2755369.12752	1
1957474.2268	2755369.12752	2.7227
1997422.68041	2755369.12752	1
2317010.30928	2755369.12752	9.3392
2356958.76289	2755369.12752	10.6818
2396907.21649	2755369.12752	1
5672680.41237	2755369.12752	1
5712628.86598	2755369.12752	75.871
5752577.31959	2755369.12752	92.7582
5792525.7732	2755369.12752	117.6673
5832474.2268	2755369.12752	131.9824
5872422.68041	2755369.12752	1
5912371.13402	2755369.12752	1
1957474.2268	2715436.24161	1
1997422.68041	2715436.24161	1
2356958.76289	2715436.24161	1
5672680.41237	2715436.24161	1
5712628.86598	2715436.24161	125.3978
5752577.31959	2715436.24161	150.929
5792525.7732	2715436.24161	136.0401
5832474.2268	2715436.24161	178.5426
5872422.68041	2715436.24161	161.7717
5912371.13402	2715436.24161	1
5952319.58763	2715436.24161	1
5672680.41237	2675503.3557	1
5712628.86598	2675503.3557	146.5319
5752577.31959	2675503.3557	219.0136
5792525.7732	2675503.3557	212.4895
5832474.2268	2675503.3557	237.9292
5872422.68041	2675503.3557	193.552
5912371.13402	2675503.3557	142.8357
5952319.58763	2675503.3557	25.1773
5992268.04124	2675503.3557	1
5632731.95876	2635570.4698	1
5672680.41237	2635570.4698	58.6474
5712628.86598	2635570.4698	175.8052
5752577.31959	2635570.4698	215.5924
5792525.7732	2635570.4698	240.3984
5832474.2268	2635570.4698	258.16345
5872422.68041	2635570.4698	248.5867
5912371.13402	2635570.4698	220.02495
5952319.58763	2635570.4698	148.2427
5992268.04124	2635570.4698	31.4461
6032216.49485	2635570.4698	1
5632731.95876	2595637.58389	1
5672680.41237	2595637.58389	157.2012
5712628.86598	2595637.58389	185.53105
5752577.31959	2595637.58389	230.4082
5792525.7732	2595637.58389	240.43735
5832474.2268	2595637.58389	276.26935
5872422.68041	2595637.58389	320.68935
5912371.13402	2595637.58389	244.53095
5952319.58763	2595637.58389	172.2938
5992268.04124	2595637.58389	154.4505
6032216.49485	2595637.58389	49.4161
6072164.94845	2595637.58389	1
6112113.40206	2595637.58389	1
5552835.05155	2555704.69799	1
5592783.50515	2555704.69799	1
5632731.95876	2555704.69799	14.1751
5672680.41237	2555704.69799	145.7738
5712628.86598	2555704.69799	212.1265
5752577.31959	2555704.69799	259.934
5792525.7732	2555704.69799	288.5905
5832474.2268	2555704.69799	294.173
5872422.68041	2555704.69799	359.77085
5912371.13402	2555704.69799	336.4913
5952319.58763	2555704.69799	220.3928
5992268.04124	2555704.69799	196.368
6032216.49485	2555704.69799	123.7471
6072164.94845	2555704.69799	88.147
6112113.40206	2555704.69799	33.61315
6152061.85567	2555704.69799	1
6192010.30928	2555704.69799	1
5512886.59794	2515771.81208	1
5552835.05155	2515771.81208	1
5592783.50515	2515771.81208	80.9132
5632731.95876	2515771.81208	178.7467
5672680.41237	2515771.81208	91.8563
5712628.86598	2515771.81208	234.9566
5752577.31959	2515771.81208	282.49635
5792525.7732	2515771.81208	311.4578
5832474.2268	2515771.81208	334.0593
5872422.68041	2515771.81208	377.9036
5912371.13402	2515771.81208	382.7012
5952319.58763	2515771.81208	306.6709
5992268.04124	2515771.81208	272.38465
6032216.49485	2515771.81208	171.38775
6072164.94845	2515771.81208	102.1188
6112113.40206	2515771.81208	99.0743
6152061.85567	2515771.81208	126.91675
6192010.30928	2515771.81208	1
6231958.76289	2515771.81208	1
6271907.21649	2515771.81208	59.1891
5393041.23711	2475838.92617	1
5432989.69072	2475838.92617	1
5472938.14433	2475838.92617	1
5512886.59794	2475838.92617	125.7383
5552835.05155	2475838.92617	167.7288
5592783.50515	2475838.92617	132.0935
5632731.95876	2475838.92617	207.67
5672680.41237	2475838.92617	201.02565
5712628.86598	2475838.92617	190.91435
5752577.31959	2475838.92617	212.04
5792525.7732	2475838.92617	295.5155
5832474.2268	2475838.92617	300.0568
5872422.68041	2475838.92617	401.5733
5912371.13402	2475838.92617	389.6919
5952319.58763	2475838.92617	369.104
5992268.04124	2475838.92617	279.388
6032216.49485	2475838.92617	237.8324
6072164.94845	2475838.92617	228.5374
6112113.40206	2475838.92617	173.6422
6152061.85567	2475838.92617	144.11175
6192010.30928	2475838.92617	122.858
6231958.76289	2475838.92617	76.9346
6271907.21649	2475838.92617	25.718
6311855.6701	2475838.92617	1
5353092.78351	2435906.04027	1
5393041.23711	2435906.04027	39.6396
5432989.69072	2435906.04027	160.26095
5472938.14433	2435906.04027	176.1471
5512886.59794	2435906.04027	204.93265
5552835.05155	2435906.04027	183.5704
5592783.50515	2435906.04027	162.03405
5632731.95876	2435906.04027	214.6163
5672680.41237	2435906.04027	234.0199
5712628.86598	2435906.04027	212.7216
5752577.31959	2435906.04027	254.3108
5792525.7732	2435906.04027	313.8585
5832474.2268	2435906.04027	392.7995
5872422.68041	2435906.04027	438.2147
5912371.13402	2435906.04027	422.73965
5952319.58763	2435906.04027	381.0299
5992268.04124	2435906.04027	305.5674
6032216.49485	2435906.04027	287.94545
6072164.94845	2435906.04027	222.7794
6112113.40206	2435906.04027	120.9947
6152061.85567	2435906.04027	97.6379
6192010.30928	2435906.04027	97.2734
6231958.76289	2435906.04027	106.6699
6271907.21649	2435906.04027	36.52035
6311855.6701	2435906.04027	71.8674
6351804.12371	2435906.04027	1
6391752.57732	2435906.04027	1
5313144.3299	2395973.15436	1
5353092.78351	2395973.15436	66.946
5393041.23711	2395973.15436	217.8992
5432989.69072	2395973.15436	270.15355
5472938.14433	2395973.15436	269.0338
5512886.59794	2395973.15436	274.6449
5552835.05155	2395973.15436	247.54395
5592783.50515	2395973.15436	245.71945
5632731.95876	2395973.15436	231.576
5672680.41237	2395973.15436	220.9094
5712628.86598	2395973.15436	227.9725
5752577.31959	2395973.15436	226.8724
5792525.7732	2395973.15436	291.8635
5832474.2268	2395973.15436	410.1702
5872422.68041	2395973.15436	459.1545
5912371.13402	2395973.15436	465.5101
5952319.58763	2395973.15436	415.56
5992268.04124	2395973.15436	379.3412
6032216.49485	2395973.15436	325.065
6072164.94845	2395973.15436	292.6011
6112113.40206	2395973.15436	209.8532
6152061.85567	2395973.15436	217.86775
6192010.30928	2395973.15436	123.8622
6231958.76289	2395973.15436	49.4543
6271907.21649	2395973.15436	86.2448
6311855.6701	2395973.15436	130.8463
6351804.12371	2395973.15436	109.24685
6391752.57732	2395973.15436	1
5273195.87629	2356040.26846	1
5313144.3299	2356040.26846	1
5353092.78351	2356040.26846	134.1602
5393041.23711	2356040.26846	258.1705
5432989.69072	2356040.26846	241.3963
5472938.14433	2356040.26846	315.58005
5512886.59794	2356040.26846	340.1438
5552835.05155	2356040.26846	342.69275
5592783.50515	2356040.26846	330.1745
5632731.95876	2356040.26846	273.1526
5672680.41237	2356040.26846	251.3446
5712628.86598	2356040.26846	275.29085
5752577.31959	2356040.26846	306.021
5792525.7732	2356040.26846	317.82855
5832474.2268	2356040.26846	435.205
5872422.68041	2356040.26846	481.5195
5912371.13402	2356040.26846	480.51175
5952319.58763	2356040.26846	458.35605
5992268.04124	2356040.26846	422.2068
6032216.49485	2356040.26846	363.0225
6072164.94845	2356040.26846	350.0279
6112113.40206	2356040.26846	253.3843
6152061.85567	2356040.26846	241.1649
6192010.30928	2356040.26846	173.1009
6231958.76289	2356040.26846	118.4706
6271907.21649	2356040.26846	210.2265
6311855.6701	2356040.26846	195.2007
6351804.12371	2356040.26846	154.38345
6391752.57732	2356040.26846	1
2396907.21649	2316107.38255	1
2436855.6701	2316107.38255	1
5273195.87629	2316107.38255	1
5313144.3299	2316107.38255	152.9968
5353092.78351	2316107.38255	224.3804
5393041.23711	2316107.38255	261.238
5432989.69072	2316107.38255	285.6256
5472938.14433	2316107.38255	373.44555
5512886.59794	2316107.38255	391.0501
5552835.05155	2316107.38255	371.9176
5592783.50515	2316107.38255	353.00045
5632731.95876	2316107.38255	345.8103
5672680.41237	2316107.38255	365.7145
5712628.86598	2316107.38255	351.13295
5752577.31959	2316107.38255	374.3548
5792525.7732	2316107.38255	391.5033
5832474.2268	2316107.38255	431.17475
5872422.68041	2316107.38255	486.2812
5912371.13402	2316107.38255	471.9515
5952319.58763	2316107.38255	458.756
5992268.04124	2316107.38255	413.8936
6032216.49485	2316107.38255	392.0104
6072164.94845	2316107.38255	317.2484
6112113.40206	2316107.38255	278.2259
6152061.85567	2316107.38255	221.3988
6192010.30928	2316107.38255	216.8112
6231958.76289	2316107.38255	232.807
6271907.21649	2316107.38255	306.20965
6311855.6701	2316107.38255	264.237
6351804.12371	2316107.38255	181.2585
6391752.57732	2316107.38255	1
1957474.2268	2276174.49664	1
1997422.68041	2276174.49664	1
2396907.21649	2276174.49664	1
2436855.6701	2276174.49664	1
5233247.42268	2276174.49664	1
5273195.87629	2276174.49664	14.4345
5313144.3299	2276174.49664	202.65765
5353092.78351	2276174.49664	243.4359
5393041.23711	2276174.49664	272.445
5432989.69072	2276174.49664	344.256
5472938.14433	2276174.49664	378.299
5512886.59794	2276174.49664	396.6629
5552835.05155	2276174.49664	410.8029
5592783.50515	2276174.49664	392.7342
5632731.95876	2276174.49664	411.9773
5672680.41237	2276174.49664	423.6855
5712628.86598	2276174.49664	417.14475
5752577.31959	2276174.49664	408.0868
5792525.7732	2276174.49664	416.877
5832474.2268	2276174.49664	425.08415
5872422.68041	2276174.49664	498.3776
5912371.13402	2276174.49664	427.4481
5952319.58763	2276174.49664	370.8328
5992268.04124	2276174.49664	371.6201
6032216.49485	2276174.49664	362.5961
6072164.94845	2276174.49664	228.59165
6112113.40206	2276174.49664	250.20445
6152061.85567	2276174.49664	269.28085
6192010.30928	2276174.49664	268.63195
6231958.76289	2276174.49664	248.5849
6271907.21649	2276174.49664	214.96425
6311855.6701	2276174.49664	188.3401
6351804.12371	2276174.49664	149.148
6391752.57732	2276174.49664	1
1957474.2268	2236241.61074	14.25765
1997422.68041	2236241.61074	288.6761
2037371.13402	2236241.61074	1
2356958.76289	2236241.61074	1
2396907.21649	2236241.61074	1
2436855.6701	2236241.61074	1
2476804.12371	2236241.61074	1
5233247.42268	2236241.61074	1
5273195.87629	2236241.61074	175.55845
5313144.3299	2236241.61074	246.9391
5353092.78351	2236241.61074	264.93055
5393041.23711	2236241.61074	328.9197
5432989.69072	2236241.61074	358.9586
5472938.14433	2236241.61074	385.80555
5512886.59794	2236241.61074	435.35
5552835.05155	2236241.61074	426.5031
5592783.50515	2236241.61074	417.4696
5632731.95876	2236241.61074	443.7107
5672680.41237	2236241.61074	465.4444
5712628.86598	2236241.61074	458.6532
5752577.31959	2236241.61074	464.0964
5792525.7732	2236241.61074	464.0909
5832474.2268	2236241.61074	457.9768
5872422.68041	2236241.61074	465.6405
5912371.13402	2236241.61074	484.7253
5952319.58763	2236241.61074	431.4397
5992268.04124	2236241.61074	435.3373
6032216.49485	2236241.61074	437.1538
6072164.94845	2236241.61074	385.87935
6112113.40206	2236241.61074	271.5003
6152061.85567	2236241.61074	291.34105
6192010.30928	2236241.61074	246.6085
6231958.76289	2236241.61074	244.1597
6271907.21649	2236241.61074	185.25385
6311855.6701	2236241.61074	137.69805
6351804.12371	2236241.61074	1
6391752.57732	2236241.61074	1
1917525.7732	2196308.72483	1
1957474.2268	2196308.72483	235.4578
1997422.68041	2196308.72483	614.6376
2037371.13402	2196308.72483	220.29645
2077319.58763	2196308.72483	1
2356958.76289	2196308.72483	4.6246
2396907.21649	2196308.72483	4.8234
2436855.6701	2196308.72483	1
2476804.12371	2196308.72483	1
5233247.42268	2196308.72483	1
5273195.87629	2196308.72483	173.03
5313144.3299	2196308.72483	261.6367
5353092.78351	2196308.72483	295.6726
5393041.23711	2196308.72483	317.4294
5432989.69072	2196308.72483	364.4205
5472938.14433	2196308.72483	403.9824
5512886.59794	2196308.72483	422.07095
5552835.05155	2196308.72483	438.1513
5592783.50515	2196308.72483	439.0299
5632731.95876	2196308.72483	469.107
5672680.41237	2196308.72483	479.1546
5712628.86598	2196308.72483	472.7533
5752577.31959	2196308.72483	484.6231
5792525.7732	2196308.72483	469.069
5832474.2268	2196308.72483	455.77875
5872422.68041	2196308.72483	456.925
5912371.13402	2196308.72483	499.6367
5952319.58763	2196308.72483	487.506
5992268.04124	2196308.72483	416.4062
6032216.49485	2196308.72483	354.3432
6072164.94845	2196308.72483	365.18845
6112113.40206	2196308.72483	360.5952
6152061.85567	2196308.72483	240.13615
6192010.30928	2196308.72483	163.42955
6231958.76289	2196308.72483	154.44385
6271907.21649	2196308.72483	133.4575
6311855.6701	2196308.72483	113.4954
6351804.12371	2196308.72483	1
6591494.84536	2196308.72483	1
6631443.29897	2196308.72483	1
1957474.2268	2156375.83893	1
1997422.68041	2156375.83893	202.2815
2037371.13402	2156375.83893	534.60225
2077319.58763	2156375.83893	279.8887
2117268.04124	2156375.83893	1
2356958.76289	2156375.83893	7.5618
2396907.21649	2156375.83893	4.9272
2436855.6701	2156375.83893	1
2476804.12371	2156375.83893	1
5193298.96907	2156375.83893	1
5233247.42268	2156375.83893	76.3972
5273195.87629	2156375.83893	252.0966
5313144.3299	2156375.83893	278.12525
5353092.78351	2156375.83893	282.3341
5393041.23711	2156375.83893	329.394
5432989.69072	2156375.83893	380.394
5472938.14433	2156375.83893	403.478
5512886.59794	2156375.83893	405.39815
5552835.05155	2156375.83893	429.2298
5592783.50515	2156375.83893	444.7913
5632731.95876	2156375.83893	463.1103
5672680.41237	2156375.83893	426.4374
5712628.86598	2156375.83893	454.1894
5752577.31959	2156375.83893	413.5756
5792525.7732	2156375.83893	413.29
5832474.2268	2156375.83893	401.5884
5872422.68041	2156375.83893	388.959
5912371.13402	2156375.83893	434.9538
5952319.58763	2156375.83893	397.6604
5992268.04124	2156375.83893	292.2014
6032216.49485	2156375.83893	310.4543
6072164.94845	2156375.83893	205.144
6112113.40206	2156375.83893	229.6512
6152061.85567	2156375.83893	204.21045
6192010.30928	2156375.83893	114.43745
6231958.76289	2156375.83893	100.2635
6271907.21649	2156375.83893	131.8861
6311855.6701	2156375.83893	73.0287
6351804.12371	2156375.83893	1
6591494.84536	2156375.83893	1
6631443.29897	2156375.83893	38.0613
6671391.75258	2156375.83893	4.9026
6711340.20619	2156375.83893	1
1957474.2268	2116442.95302	1
1997422.68041	2116442.95302	11.07475
2037371.13402	2116442.95302	264.3698
2077319.58763	2116442.95302	795.6064
2117268.04124	2116442.95302	45.0473
2157216.49485	2116442.95302	1
2396907.21649	2116442.95302	1
2436855.6701	2116442.95302	1
2476804.12371	2116442.95302	10.53035
2516752.57732	2116442.95302	1
5193298.96907	2116442.95302	1
5233247.42268	2116442.95302	179.6863
5273195.87629	2116442.95302	255.9561
5313144.3299	2116442.95302	315.72435
5353092.78351	2116442.95302	362.56615
5393041.23711	2116442.95302	363.7842
5432989.69072	2116442.95302	346.8894
5472938.14433	2116442.95302	365.2328
5512886.59794	2116442.95302	382.6514
5552835.05155	2116442.95302	430.261
5592783.50515	2116442.95302	425.7844
5632731.95876	2116442.95302	467.355
5672680.41237	2116442.95302	461.2218
5712628.86598	2116442.95302	400.7986
5752577.31959	2116442.95302	383.0883
5792525.7732	2116442.95302	336.3892
5832474.2268	2116442.95302	319.1225
5872422.68041	2116442.95302	392.8174
5912371.13402	2116442.95302	409.6839
5952319.58763	2116442.95302	288.6673
5992268.04124	2116442.95302	270.859
6032216.49485	2116442.95302	244.19465
6072164.94845	2116442.95302	45.5567
6112113.40206	2116442.95302	68.80615
6152061.85567	2116442.95302	60.62275
6192010.30928	2116442.95302	69.70785
6231958.76289	2116442.95302	40.1159
6271907.21649	2116442.95302	1
6311855.6701	2116442.95302	1
6591494.84536	2116442.95302	1
6631443.29897	2116442.95302	50.7944
6671391.75258	2116442.95302	43.9893
6711340.20619	2116442.95302	25.2928
6751288.65979	2116442.95302	1
2037371.13402	2076510.06711	67.218
2077319.58763	2076510.06711	677.5555
2117268.04124	2076510.06711	741.9913
2157216.49485	2076510.06711	1
2476804.12371	2076510.06711	1
2516752.57732	2076510.06711	3.27665
2556701.03093	2076510.06711	1
5193298.96907	2076510.06711	1.2456
5233247.42268	2076510.06711	242.9662
5273195.87629	2076510.06711	273.6717
5313144.3299	2076510.06711	303.9847
5353092.78351	2076510.06711	332.8066
5393041.23711	2076510.06711	352.0074
5432989.69072	2076510.06711	359.8837
5472938.14433	2076510.06711	388.8138
5512886.59794	2076510.06711	415.78925
5552835.05155	2076510.06711	400.3629
5592783.50515	2076510.06711	409.8684
5632731.95876	2076510.06711	468.15305
5672680.41237	2076510.06711	429.2542
5712628.86598	2076510.06711	396.5791
5752577.31959	2076510.06711	336.35365
5792525.7732	2076510.06711	334.7632
5832474.2268	2076510.06711	327.0633
5872422.68041	2076510.06711	404.6452
5912371.13402	2076510.06711	91.6614
5952319.58763	2076510.06711	217.3456
5992268.04124	2076510.06711	201.4708
6032216.49485	2076510.06711	130.5052
6072164.94845	2076510.06711	72.4095
6112113.40206	2076510.06711	23.022
6152061.85567	2076510.06711	1
6192010.30928	2076510.06711	1
6231958.76289	2076510.06711	1
6631443.29897	2076510.06711	25.638
6671391.75258	2076510.06711	63.7943
6711340.20619	2076510.06711	126.7285
6751288.65979	2076510.06711	1
2037371.13402	2036577.18121	11.39125
2077319.58763	2036577.18121	527.8494
2117268.04124	2036577.18121	689.64275
2157216.49485	2036577.18121	376.4011
2197164.94845	2036577.18121	1
2476804.12371	2036577.18121	1
2516752.57732	2036577.18121	4.0826
2556701.03093	2036577.18121	1
5153350.51546	2036577.18121	1
5193298.96907	2036577.18121	126.4193
5233247.42268	2036577.18121	232.5256
5273195.87629	2036577.18121	289.8126
5313144.3299	2036577.18121	288.6413
5353092.78351	2036577.18121	308.3788
5393041.23711	2036577.18121	358.2447
5432989.69072	2036577.18121	377.0266
5472938.14433	2036577.18121	409.752
5512886.59794	2036577.18121	398.7828
5552835.05155	2036577.18121	469.75765
5592783.50515	2036577.18121	474.7736
5632731.95876	2036577.18121	333.3719
5672680.41237	2036577.18121	268.6162
5712628.86598	2036577.18121	284.6106
5752577.31959	2036577.18121	369.3252
5792525.7732	2036577.18121	329.9033
5832474.2268	2036577.18121	407.7816
5872422.68041	2036577.18121	40.7036
5912371.13402	2036577.18121	113.5757
5952319.58763	2036577.18121	164.999
5992268.04124	2036577.18121	162.1888
6032216.49485	2036577.18121	56.8243
6072164.94845	2036577.18121	1
6112113.40206	2036577.18121	1
6631443.29897	2036577.18121	18.3672
6671391.75258	2036577.18121	137.22365
6711340.20619	2036577.18121	86.81825
6751288.65979	2036577.18121	1
2037371.13402	1996644.2953	1
2077319.58763	1996644.2953	123.0825
2117268.04124	1996644.2953	154.0715
2157216.49485	1996644.2953	325.94055
2197164.94845	1996644.2953	1
2476804.12371	1996644.2953	1
2516752.57732	1996644.2953	1
2556701.03093	1996644.2953	1
5153350.51546	1996644.2953	1
5193298.96907	1996644.2953	138.6473
5233247.42268	1996644.2953	224.8784
5273195.87629	1996644.2953	295.931
5313144.3299	1996644.2953	329.5507
5353092.78351	1996644.2953	332.0223
5393041.23711	1996644.2953	354.1493
5432989.69072	1996644.2953	347.3379
5472938.14433	1996644.2953	389.8202
5512886.59794	1996644.2953	411.2959
5552835.05155	1996644.2953	413.8754
5592783.50515	1996644.2953	307.09305
5632731.95876	1996644.2953	328.2902
5672680.41237	1996644.2953	330.4763
5712628.86598	1996644.2953	380.45095
5752577.31959	1996644.2953	331.1621
5792525.7732	1996644.2953	346.7645
5832474.2268	1996644.2953	335.1491
5872422.68041	1996644.2953	231.52935
5912371.13402	1996644.2953	143.0391
5952319.58763	1996644.2953	104.26555
5992268.04124	1996644.2953	21.26275
6032216.49485	1996644.2953	1
6072164.94845	1996644.2953	1
6631443.29897	1996644.2953	1
6671391.75258	1996644.2953	1
6711340.20619	1996644.2953	1
2117268.04124	1956711.4094	1
2157216.49485	1956711.4094	1
2197164.94845	1956711.4094	1
2476804.12371	1956711.4094	1
2516752.57732	1956711.4094	1
2556701.03093	1956711.4094	1
2596649.48454	1956711.4094	1
5153350.51546	1956711.4094	23.96285
5193298.96907	1956711.4094	138.9654
5233247.42268	1956711.4094	197.0189
5273195.87629	1956711.4094	287.6905
5313144.3299	1956711.4094	317.21775
5353092.78351	1956711.4094	332.4748
5393041.23711	1956711.4094	371.5238
5432989.69072	1956711.4094	398.6565
5472938.14433	1956711.4094	421.8035
5512886.59794	1956711.4094	453.5744
5552835.05155	1956711.4094	269.5384
5592783.50515	1956711.4094	330.239
5632731.95876	1956711.4094	440.2002
5672680.41237	1956711.4094	397.5329
5712628.86598	1956711.4094	290.37535
5752577.31959	1956711.4094	310.1685
5792525.7732	1956711.4094	306.7649
5832474.2268	1956711.4094	255.9006
5872422.68041	1956711.4094	80.34675
5912371.13402	1956711.4094	110.6129
5952319.58763	1956711.4094	1
5992268.04124	1956711.4094	1
2476804.12371	1916778.52349	1
2516752.57732	1916778.52349	1
2556701.03093	1916778.52349	1
2596649.48454	1916778.52349	1
5153350.51546	1916778.52349	59.2856
5193298.96907	1916778.52349	145.52285
5233247.42268	1916778.52349	196.6498
5273195.87629	1916778.52349	253.8945
5313144.3299	1916778.52349	299.9267
5353092.78351	1916778.52349	332.43195
5393041.23711	1916778.52349	368.0905
5432989.69072	1916778.52349	391.9657
5472938.14433	1916778.52349	442.76345
5512886.59794	1916778.52349	440.0405
5552835.05155	1916778.52349	328.62335
5592783.50515	1916778.52349	421.6792
5632731.95876	1916778.52349	392.803
5672680.41237	1916778.52349	407.666
5712628.86598	1916778.52349	322.58395
5752577.31959	1916778.52349	187.9487
5792525.7732	1916778.52349	132.6174
5832474.2268	1916778.52349	183.1659
5872422.68041	1916778.52349	191.8309
5912371.13402	1916778.52349	1
5952319.58763	1916778.52349	1
2516752.57732	1876845.63758	1
2556701.03093	1876845.63758	1
2596649.48454	1876845.63758	1
5153350.51546	1876845.63758	74.0071
5193298.96907	1876845.63758	152.4128
5233247.42268	1876845.63758	178.998
5273195.87629	1876845.63758	259.94035
5313144.3299	1876845.63758	298.2235
5353092.78351	1876845.63758	321.4035
5393041.23711	1876845.63758	373.0695
5432989.69072	1876845.63758	397.82605
5472938.14433	1876845.63758	445.73595
5512886.59794	1876845.63758	449.7802
5552835.05155	1876845.63758	479.9345
5592783.50515	1876845.63758	387.7105
5632731.95876	1876845.63758	326.27175
5672680.41237	1876845.63758	372.55525
5712628.86598	1876845.63758	380.2861
5752577.31959	1876845.63758	293.93805
5792525.7732	1876845.63758	121.9714
5832474.2268	1876845.63758	117.7192
5872422.68041	1876845.63758	29.8809
5912371.13402	1876845.63758	1
2436855.6701	1836912.75168	1
2476804.12371	1836912.75168	1
2516752.57732	1836912.75168	3.531
2556701.03093	1836912.75168	1
2596649.48454	1836912.75168	1
2636597.93814	1836912.75168	1
5153350.51546	1836912.75168	85.2899
5193298.96907	1836912.75168	174.2928
5233247.42268	1836912.75168	201.3223
5273195.87629	1836912.75168	251.8027
5313144.3299	1836912.75168	291.6749
5353092.78351	1836912.75168	306.9089
5393041.23711	1836912.75168	366.78005
5432989.69072	1836912.75168	403.8795
5472938.14433	1836912.75168	434.19755
5512886.59794	1836912.75168	475.6454
5552835.05155	1836912.75168	463.1673
5592783.50515	1836912.75168	342.15345
5632731.95876	1836912.75168	307.84
5672680.41237	1836912.75168	298.9993
5712628.86598	1836912.75168	244.0001
5752577.31959	1836912.75168	195.38585
5792525.7732	1836912.75168	205.4157
5832474.2268	1836912.75168	130.36325
5872422.68041	1836912.75168	1
2436855.6701	1796979.86577	1
2476804.12371	1796979.86577	1
2516752.57732	1796979.86577	1
2556701.03093	1796979.86577	1
2596649.48454	1796979.86577	1
2636597.93814	1796979.86577	1
5153350.51546	1796979.86577	102.6045
5193298.96907	1796979.86577	178.20015
5233247.42268	1796979.86577	193.0624
5273195.87629	1796979.86577	245.22675
5313144.3299	1796979.86577	291.8397
5353092.78351	1796979.86577	330.7812
5393041.23711	1796979.86577	371.9391
5432989.69072	1796979.86577	401.58765
5472938.14433	1796979.86577	419.537
5512886.59794	1796979.86577	453.0342
5552835.05155	1796979.86577	351.8691
5592783.50515	1796979.86577	318.73925
5632731.95876	1796979.86577	302.4184
5672680.41237	1796979.86577	182.8006
5712628.86598	1796979.86577	280.99955
5752577.31959	1796979.86577	272.0296
5792525.7732	1796979.86577	206.58225
5832474.2268	1796979.86577	1
5872422.68041	1796979.86577	1
2516752.57732	1757046.97987	1
2556701.03093	1757046.97987	1
2596649.48454	1757046.97987	1
2636597.93814	1757046.97987	1
5153350.51546	1757046.97987	64.3454
5193298.96907	1757046.97987	163.7292
5233247.42268	1757046.97987	178.10645
5273195.87629	1757046.97987	263.20885
5313144.3299	1757046.97987	321.8443
5353092.78351	1757046.97987	340.1981
5393041.23711	1757046.97987	370.5975
5432989.69072	1757046.97987	377.6406
5472938.14433	1757046.97987	395.31505
5512886.59794	1757046.97987	417.20965
5552835.05155	1757046.97987	332.2316
5592783.50515	1757046.97987	278.40435
5632731.95876	1757046.97987	168.5691
5672680.41237	1757046.97987	184.7097
5712628.86598	1757046.97987	254.39855
5752577.31959	1757046.97987	295.0445
5792525.7732	1757046.97987	100.5329
5832474.2268	1757046.97987	1
2596649.48454	1717114.09396	1
5153350.51546	1717114.09396	32.272
5193298.96907	1717114.09396	153.2276
5233247.42268	1717114.09396	202.8411
5273195.87629	1717114.09396	260.5073
5313144.3299	1717114.09396	309.0249
5353092.78351	1717114.09396	344.6893
5393041.23711	1717114.09396	383.2798
5432989.69072	1717114.09396	412.4826
5472938.14433	1717114.09396	448.73275
5512886.59794	1717114.09396	384.8068
5552835.05155	1717114.09396	303.6345
5592783.50515	1717114.09396	185.48645
5632731.95876	1717114.09396	197.8172
5672680.41237	1717114.09396	208.8595
5712628.86598	1717114.09396	162.46815
5752577.31959	1717114.09396	153.1502
5792525.7732	1717114.09396	1
5153350.51546	1677181.20805	1
5193298.96907	1677181.20805	131.9388
5233247.42268	1677181.20805	236.0583
5273195.87629	1677181.20805	317.1734
5313144.3299	1677181.20805	357.7961
5353092.78351	1677181.20805	390.7579
5393041.23711	1677181.20805	407.22175
5432989.69072	1677181.20805	441.8873
5472938.14433	1677181.20805	452.00625
5512886.59794	1677181.20805	340.9921
5552835.05155	1677181.20805	284.5597
5592783.50515	1677181.20805	178.2762
5632731.95876	1677181.20805	207.3508
5672680.41237	1677181.20805	208.2985
5712628.86598	1677181.20805	120.79575
5752577.31959	1677181.20805	1
5792525.7732	1677181.20805	1
5153350.51546	1637248.32215	1
5193298.96907	1637248.32215	163.1752
5233247.42268	1637248.32215	267.8541
5273195.87629	1637248.32215	330.8619
5313144.3299	1637248.32215	369.70525
5353092.78351	1637248.32215	397.2635
5393041.23711	1637248.32215	442.29155
5432989.69072	1637248.32215	454.2656
5472938.14433	1637248.32215	432.8291
5512886.59794	1637248.32215	340.6993
5552835.05155	1637248.32215	268.9492
5592783.50515	1637248.32215	178.90885
5632731.95876	1637248.32215	196.4576
5672680.41237	1637248.32215	241.4704
5712628.86598	1637248.32215	150.1612
5752577.31959	1637248.32215	1
5153350.51546	1597315.43624	1
5193298.96907	1597315.43624	128.518
5233247.42268	1597315.43624	243.8414
5273195.87629	1597315.43624	331.0959
5313144.3299	1597315.43624	374.86975
5353092.78351	1597315.43624	399.6222
5393041.23711	1597315.43624	400.8676
5432989.69072	1597315.43624	408.88345
5472938.14433	1597315.43624	363.4628
5512886.59794	1597315.43624	337.6198
5552835.05155	1597315.43624	255.0925
5592783.50515	1597315.43624	132.7331
5632731.95876	1597315.43624	89.78
5672680.41237	1597315.43624	81.8876
5712628.86598	1597315.43624	1
5193298.96907	1557382.55034	1
5233247.42268	1557382.55034	208.1797
5273195.87629	1557382.55034	287.6047
5313144.3299	1557382.55034	355.376
5353092.78351	1557382.55034	330.57715
5393041.23711	1557382.55034	327.5746
5432989.69072	1557382.55034	376.32335
5472938.14433	1557382.55034	379.1263
5512886.59794	1557382.55034	374.3634
5552835.05155	1557382.55034	299.075
5592783.50515	1557382.55034	173.85595
5632731.95876	1557382.55034	106.0923
5672680.41237	1557382.55034	1
5712628.86598	1557382.55034	1
5193298.96907	1517449.66443	1
5233247.42268	1517449.66443	1
5273195.87629	1517449.66443	249.4563
5313144.3299	1517449.66443	293.0379
5353092.78351	1517449.66443	258.27895
5393041.23711	1517449.66443	260.09575
5432989.69072	1517449.66443	327.9045
5472938.14433	1517449.66443	326.40585
5512886.59794	1517449.66443	310.2315
5552835.05155	1517449.66443	226.71765
5592783.50515	1517449.66443	137.6603
5632731.95876	1517449.66443	1
5672680.41237	1517449.66443	1
5233247.42268	1477516.77852	1
5273195.87629	1477516.77852	92.53235
5313144.3299	1477516.77852	164.28205
5353092.78351	1477516.77852	222.3795
5393041.23711	1477516.77852	191.59115
5432989.69072	1477516.77852	211.12845
5472938.14433	1477516.77852	212.6284
5512886.59794	1477516.77852	156.59565
5552835.05155	1477516.77852	1.28295
5592783.50515	1477516.77852	1
5273195.87629	1437583.89262	1
5313144.3299	1437583.89262	1
5353092.78351	1437583.89262	1
5393041.23711	1437583.89262	38.8787
5432989.69072	1437583.89262	104.02905
5472938.14433	1437583.89262	1
5512886.59794	1437583.89262	1
5552835.05155	1437583.89262	1
5393041.23711	1397651.00671	1
5432989.69072	1397651.00671	1
