5077518.94654	5671717.5007
5065415.34561	5683570.30611
5057787.04499	5695696.93454
5049817.51439	5710449.82681
5046123.90838	5718746.6151
5046959.45703	5732791.30149
5046705.39858	5746355.35329
5050483.16245	5754146.72041
5063497.00058	5759223.91646
5077047.42491	5752942.26329
5086391.21412	5740869.91523
5095601.52486	5727848.17984
5101459.9322	5720496.00962
5117407.9608	5714455.98912
5123842.50785	5706363.36333
5129346.85423	5693909.3313
5133214.45498	5679457.79321
5127145.34722	5674940.28652
5119398.58841	5665529.38853
5114746.06076	5653694.89513
5109723.66103	5646746.14056
5101236.05848	5647100.03535
5093457.39811	5647662.04914
5088103.32765	5648490.4771
5077518.94654	5671717.5007
