1497936.01645	4180623.01956
1507817.38934	4180482.41644
1516142.53423	4179156.78504
1522566.00892	4178149.84993
1528970.0766	4177594.21094
1536959.7997	4176919.06946
1548449.72904	4175458.76973
1560535.27767	4173660.01459
1566851.07253	4174244.07457
1571606.69059	4174405.74327
1574763.59236	4173674.44055
1579155.28698	4173059.95729
1582784.53162	4172469.61057
1587331.6755	4171848.67459
1594430.32964	4170512.87118
1600180.49078	4169534.84846
1608601.69945	4167362.85232
1612354.86968	4166290.95446
1615422.32026	4164295.48619
1619414.21946	4160375.2219
1623021.56332	4157412.62163
1626666.82667	4154920.62565
1629736.915	4152920.79833
1632360.01897	4151093.55573
1635431.18173	4149092.11832
1640397.66757	4145759.90754
1645004.85341	4143701.70696
1648065.98444	4141539.38026
1653073.76264	4138674.26286
1655991.44367	4138569.18514
1658282.83743	4138328.46588
1660076.27584	4137631.44584
1660844.41638	4137603.63121
1661998.59474	4136613.42826
1662550.72698	4135803.03902
1662313.33038	4132808.2984
1662100.85389	4130128.73456
1660343.13869	4125450.78858
1658494.47413	4121566.90341
1655267.42704	4115837.54323
1646519.38196	4108417.90618
1641766.97857	4106698.28881
1633017.87401	4104968.84916
1623955.80451	4103092.57879
1614131.10291	4103137.56951
1604797.39772	4103477.91759
1593326.60449	4105784.90758
1584230.40483	4108947.34684
1575238.9637	4113361.46436
1566026.47859	4116832.84752
1561422.48995	4118566.54103
1552872.95118	4124524.72329
1548683.45443	4129542.9311
1546499.15823	4134805.89619
1538485.59952	4137744.89567
1533568.55422	4141207.13374
1529005.34206	4145284.00882
1525635.9629	4149005.74773
1519749.4631	4151707.07251
1516515.36509	4153223.03725
1513397.42486	4154263.70459
1510996.94447	4152770.16284
1508979.55621	4150323.06002
1507187.34988	4148810.62673
1504897.58588	4148726.31552
1499718.46275	4150615.54771
1493145.675	4154114.70825
1489068.37482	4160355.28608
1488715.33694	4167576.5759
1491188.43274	4175965.85733
1497936.01645	4180623.01956
