4381614.48105	3903856.34109
4468388.83651	3964217.63933
4558984.07908	3989066.13746
4682067.83613	3990085.77776
4840578.23039	3951846.75291
4932593.5609	3903826.03555
5042322.1768	3816596.12455
5160137.60674	3740702.51989
5300094.9827	3693915.33763
5392890.27837	3648001.66051
5395085.98765	3601312.54223
5297269.76619	3623237.47905
5230866.93569	3621556.45134
5212324.76026	3609077.19723
5215613.03843	3525222.26503
5286066.86748	3450661.46063
5394378.64396	3391343.09201
5452280.08423	3364930.13962
5468617.85394	3336178.53651
5443272.97813	3302607.58917
5369168.99824	3313686.95784
5270143.29565	3369211.85076
5218344.62062	3411995.93904
5172807.26869	3468853.33128
5136689.57355	3568962.3835
5076709.15588	3676979.50157
4987913.05867	3749149.68256
4852308.12439	3829303.12567
4738641.67797	3886979.50619
4643468.17323	3910158.53392
4568901.91712	3868793.46082
4531093.86532	3843109.38937
4464445.85152	3805523.80795
4409073.29111	3828803.61029
4381614.48105	3903856.34109
