1789520.27979	3442861.02867
1789346.23681	3443743.32908
1787532.93116	3449794.73534
1786428.53367	3453233.82198
1785451.37479	3456343.53633
1784224.25594	3458348.22788
1781588.46776	3462048.64469
1778953.01642	3465748.09012
1775155.22134	3468563.00892
1771099.87786	3468352.04016
1766033.31609	3469008.47879
1761558.44656	3469305.16157
1755851.13502	3469683.17107
1748504.70889	3470808.94103
1743740.63818	3471283.48803
1734493.20557	3473651.7866
1729058.89186	3475287.8285
1724215.05182	3476564.59476
1719594.31206	3478624.85168
1713979.68204	3481707.34552
1709302.96959	3484886.72968
1706331.68751	3488113.58772
1705126.98072	3493939.01925
1703514.98802	3500428.22679
1702916.47193	3504297.45239
1701611.4003	3510765.04756
1700972.22387	3514157.14564
1700914.96898	3518948.07475
1700623.1937	3522796.22542
1702274.97783	3525882.90754
1704434.07285	3527661.18948
1707515.77716	3529381.3928
1710919.11442	3531241.20517
1713400.52788	3533159.59493
1716759.05677	3536300.11942
1718633.60481	3540173.29862
1718500.70418	3542257.09435
1716007.93352	3547521.67353
1712752.48645	3551076.82581
1709029.13727	3552745.09964
1706696.31232	3552571.20287
1704410.26692	3551118.06062
1703828.46356	3549718.44949
1703646.70855	3545741.24799
1703612.48865	3543509.73905
1700933.02711	3542879.71407
1697639.6027	3542288.16664
1696564.32794	3542355.42664
1692705.26511	3544191.44491
1689347.98834	3546473.78935
1686806.3133	3551096.0485
1683865.05043	3558292.07357
1683065.26172	3563441.69596
1681831.62325	3568935.98356
1680124.13004	3574298.92536
1679350.37383	3576098.78901
1677489.37944	3577805.29963
1676408.89961	3579623.38863
1677762.81969	3582886.72884
1679363.55733	3587250.56905
1678109.18585	3590671.69961
1678749.11684	3594615.60535
1679382.5777	3596648.39615
1681123.17913	3600845.08117
1681229.6964	3602113.10301
1677031.94069	3609053.25115
1674737.00302	3611100.61857
1668881.55757	3614791.09336
1666127.89169	3616863.93637
1662175.13319	3619325.03372
1656331.95794	3621259.5789
1651510.15111	3622496.71216
1647323.06961	3622105.61513
1645639.16525	3622204.12925
1641147.85378	3621830.68182
1635373.92986	3622644.72052
1631669.48232	3624291.02674
1627399.71489	3628352.82929
1624008.45009	3631885.4412
1620636.43203	3637480.40569
1617046.26843	3642291.75912
1616008.56755	3644574.09071
1615468.58178	3647304.10126
1616247.66827	3652975.54154
1618243.71252	3656672.94497
1621768.08999	3660284.46155
1624078.71369	3662218.3673
1626521.21031	3665733.27203
1625115.65446	3669147.25245
1623246.80057	3670681.21908
1619876.28273	3672616.39494
1614215.20724	3674678.55347
1611191.54387	3677068.68837
1611122.04529	3679928.87603
1612435.51955	3680966.83698
1616625.29394	3681527.9838
1619201.02101	3682972.35715
1620026.50235	3687371.11012
1619284.38812	3691380.13359
1617394.01728	3694499.54625
1615900.9172	3698707.29285
1614089.18405	3702772.958
1613678.33699	3707078.95579
1614284.363	3710694.96183
1621792.92685	3714255.15334
1630271.73726	3716494.31711
1633715.50986	3717260.30687
1638742.88326	3718575.69458
1643889.9871	3721314.25413
1646177.65404	3722937.55655
1648837.49382	3725335.21099
1650552.52326	3727466.54142
1652674.99852	3728940.61923
1657604.74353	3728992.11698
1661608.38553	3725278.93583
1667655.00819	3720180.79245
1672673.79285	3711954.90594
1675365.51149	3709102.67057
1688575.73339	3695479.52203
1694780.55622	3688444.32512
1701602.32142	3681369.38426
1709078.77166	3678394.88929
1715460.55847	3677074.31375
1721202.88096	3675470.29662
1728901.8167	3675028.43246
1739214.44932	3679859.43193
1740527.31831	3680741.31679
1750848.50404	3685574.63314
1761635.08991	3688467.64827
1766948.90318	3692633.89429
1770234.92431	3698514.41781
1770325.10025	3703300.27959
1769046.30153	3706566.77435
1762596.52355	3711083.19112
1754085.11871	3713159.17116
1747614.93883	3717351.58391
1740689.43951	3723480.01939
1735316.67815	3733344.0713
1733608.01577	3738857.78342
1728367.82967	3750299.42926
1726737.92375	3756760.72326
1726655.72839	3766960.56073
1727286.72387	3774572.66091
1728101.07629	3784404.52445
1729524.36798	3790381.57735
1732691.36489	3809963.94247
1739132.6234	3820460.29241
1745084.47697	3828755.1688
1751059.27162	3833546.46801
1758785.04438	3836974.67858
1766693.04824	3838800.44844
1773829.55007	3838752.47566
1782095.96531	3833540.75159
1784690.30682	3827343.48113
1786889.44652	3816377.60176
1788389.52488	3804487.65048
1793549.90839	3791759.31868
1802000.71611	3784914.931
1808524.98186	3781045.74523
1815521.07053	3779066.02345
1823007.82487	3775458.58677
1828263.82179	3767492.84934
1828839.4398	3759463.37172
1827693.70758	3745770.05665
1826760.13529	3734623.66178
1822532.4457	3710224.35334
1820601.46568	3694653.92129
1825083.93585	3681267.78444
1829551.17471	3671398.46961
1836608.53249	3662651.5208
1844005.61157	3654198.45471
1849893.26869	3642624.39562
1850933.2936	3629094.56209
1852607.0404	3619371.29528
1856022.84162	3611783.43446
1859330.42074	3602916.18604
1859098.94376	3596513.34189
1858447.94397	3588852.9234
1860375.49671	3578462.13993
1864535.87081	3575952.19814
1868304.81641	3572502.87458
1871704.86601	3561047.54832
1874929.84083	3551205.21764
1877707.10033	3539782.03773
1879642.94736	3525839.28333
1876973.65951	3520229.88878
1872951.57149	3513424.93511
1870283.08572	3507817.25212
1871317.52852	3501643.91833
1878799.52636	3494076.59546
1881800.98874	3481659.7534
1879970.9023	3467635.77133
1881541.73147	3449520.81943
1884200.80109	3436794.32462
1884407.36816	3434718.10296
1891678.87693	3423689.50581
1897271.03297	3401411.74677
1885473.25236	3388079.37203
1866543.48356	3386197.8121
1859950.03017	3385264.61193
1851709.62564	3370045.62333
1838222.59532	3359790.73649
1826147.408	3359484.52523
1807764.36671	3367978.47663
1796750.94498	3369504.36386
1789036.61171	3373969.0862
1783697.48425	3372602.45758
1781391.8395	3363685.23047
1777951.25027	3362414.09656
1772853.87714	3363961.38188
1771252.00238	3368864.10006
1770314.49143	3376391.66707
1766189.16423	3380409.44641
1765184.752	3384929.16887
1767066.24364	3389772.3955
1770806.55439	3392566.16063
1773156.07691	3396270.3889
1771739.5298	3400753.84231
1767083.448	3408583.43402
1767307.96096	3416712.91315
1767657.71599	3426254.22835
1769806.46391	3435890.92319
1775787.14428	3436829.15242
1785750.43261	3435174.85193
1789395.46135	3442359.38855
1789520.27979	3442861.02867
