1804325.5473	3362002.52495
1810552.311	3356584.81569
1817685.62443	3349011.95542
1818792.35241	3343794.16331
1824137.7024	3341007.23669
1830451.3956	3342031.35782
1836582.64711	3343666.15709
1848070.81141	3346031.48698
1856697.33856	3343698.62139
1866112.1944	3338779.57975
1871999.37542	3330951.65669
1872040.75108	3330059.93691
1872503.83611	3329620.30314
1875840.03719	3320209.40559
1872646.85075	3304485.68622
1872115.22359	3303092.18066
1872842.9826	3293871.28533
1876500.06107	3282478.08589
1879193.5912	3279721.61066
1883795.70489	3272011.41906
1888702.73834	3267566.51974
1891311.12603	3261570.17076
1894912.83816	3252596.47324
1892797.40963	3246310.42143
1887714.2249	3238317.16417
1882066.36485	3231013.84422
1879159.09915	3226402.8671
1875907.56171	3228584.66147
1872967.61687	3232526.59145
1870680.62399	3237237.64025
1870555.33905	3242963.87779
1870171.40617	3245422.89173
1867167.87456	3249714.52652
1848922.95341	3273606.16107
1848591.5815	3273788.01052
1836212.98234	3275032.24128
1826525.74724	3271252.74273
1823010.81336	3266693.26811
1818511.93144	3261565.63348
1816574.4317	3257211.37486
1816522.48719	3253037.20927
1816049.49091	3247609.02943
1810032.35263	3242921.09437
1808273.60338	3236145.19931
1803969.69654	3228760.10452
1796158.64642	3223090.17596
1792240.13404	3219611.35223
1789931.47135	3219705.487
1788861.14062	3221478.35827
1788569.13848	3226157.22689
1788636.62981	3229277.33882
1788096.41203	3236789.62404
1788356.064	3239733.96749
1787389.1776	3242060.5628
1782425.1566	3242194.48498
1777954.80343	3243295.61352
1773747.75093	3245174.82111
1771310.25291	3248406.27236
1769083.82766	3251560.00055
1769119.18786	3254459.54339
1770724.46256	3258636.89594
1771630.27541	3264584.67953
1772191.47637	3270357.79434
1772720.01554	3277381.04976
1772930.08714	3280448.07568
1773483.41376	3286822.80574
1773975.04835	3291598.37809
1772803.68524	3295219.19786
1770256.66363	3297083.02961
1768713.58514	3298538.32719
1765822.17627	3298770.26298
1762946.07934	3299621.54807
1761851.41155	3303045.64087
1762515.88278	3306305.39237
1766537.25439	3308882.36889
1768767.65806	3308575.85217
1772232.10114	3309125.74054
1773898.67647	3312289.82367
1774253.33816	3318118.88894
1772726.2751	3325604.80978
1772571.48046	3334594.00121
1775551.70614	3335823.2417
1779640.51023	3337293.93312
1782981.52427	3337295.12955
1783792.32224	3344134.65694
1785657.70567	3349372.40524
1787300.38817	3357595.09508
1788976.82568	3362608.32824
1792865.13987	3364418.65033
1800596.23449	3363871.62951
1804325.5473	3362002.52495
