5246712.09737	1464075.38836
5168032.81464	1587429.71575
5138647.25265	1795566.94164
5169047.97122	2043114.13101
5258355.68475	2289302.55215
5347879.5538	2425353.08601
5429744.1699	2481705.43733
5525718.61325	2503921.44253
5630607.74959	2576658.56496
5674721.01019	2692689.26259
5698307.861	2794548.87113
5730686.88088	2851045.23629
5776105.4664	2848043.26032
5832538.68353	2804226.65164
5940634.41243	2709349.83228
6047791.92905	2610494.57538
6174546.28235	2539189.66941
6300531.01124	2489368.1813
6389494.49981	2399528.88913
6382757.64192	2276731.32552
6325162.92505	2130779.28706
6130681.43567	2067580.83161
6015301.79214	1988245.37254
5916807.66523	1919273.04286
5853856.63264	1802437.94896
5773971.01209	1678994.46411
5696779.17983	1561750.36362
5548466.4429	1447908.08271
5414443.18496	1409256.11837
5246712.09737	1464075.38836
