2113920.54828	2902443.02086
2125901.86973	2894227.75481
2135886.53196	2892044.57873
2143465.56024	2891375.64908
2152137.86168	2888655.4323
2157189.0661	2881040.8367
2152346.04881	2862572.93554
2144292.23876	2850912.03328
2136080.97631	2851646.6797
2128047.45074	2854318.96929
2122548.15643	2863925.67357
2117558.73234	2865021.26731
2109475.6169	2867042.97007
2099106.90608	2871869.68482
2094869.85018	2874197.8705
2092472.18475	2882866.47297
2093339.71912	2892545.90877
2102456.31802	2902150.14845
2113920.54828	2902443.02086
