1285493.02725	3885989.86862
1292697.6034	3890222.87348
1301137.95028	3893005.51517
1307982.59608	3894448.7978
1312556.16412	3895514.64858
1320876.21207	3896587.1281
1327437.62765	3894294.80204
1331510.8442	3892725.3502
1335483.44652	3893658.21579
1342209.58579	3897135.9464
1346347.85966	3898218.95158
1353494.30901	3899336.72665
1365502.3963	3901038.96966
1374809.98453	3902694.1559
1382699.64471	3903467.85884
1394051.35718	3902219.34126
1403035.17747	3897617.41797
1407274.43581	3892111.26517
1407116.77582	3882554.80855
1407182.52046	3875810.05325
1404917.21397	3868224.19206
1401648.95907	3863191.20173
1396489.91534	3860906.14074
1387828.92004	3860026.60692
1379374.69987	3857884.65706
1374450.08015	3856530.72231
1366642.28289	3854831.39277
1355519.62032	3854838.91569
1346763.14443	3856150.88783
1340292.2188	3859708.3346
1331171.61986	3863842.25782
1325145.47295	3865343.46194
1318712.77604	3865454.78915
1311674.58429	3865434.30009
1305559.87007	3865686.90933
1301037.13715	3867121.10268
1294951.12886	3869553.75734
1290779.30706	3871594.63381
1286645.68616	3874100.27283
1283157.66925	3877201.7436
1282002.14934	3879585.24751
1281354.24249	3882727.05377
1285493.02725	3885989.86862
