1968079.07782	2282260.3987
1984712.86171	2277210.07834
2000014.49288	2264518.51543
2017969.53462	2252824.60107
2034090.94835	2234818.80979
2048492.8927	2211782.4191
2062125.18331	2194022.15571
2080758.43337	2175051.34148
2099175.27208	2153484.35975
2116110.17498	2129457.62354
2139755.80242	2108585.24332
2156185.01088	2092412.76983
2172824.16407	2064456.53447
2181440.45633	2032807.30226
2181885.73153	2009902.46908
2179429.39618	1983408.37654
2178110.55708	1969194.06067
2174010.18162	1952686.949
2165789.03482	1947098.70953
2158110.92573	1947324.81214
2143330.59335	1960760.09972
2131245.34516	1982359.04764
2107765.6893	1984392.69806
2085727.32447	1981061.10844
2062286.16155	1990273.27159
2046679.35332	2007211.06368
2036796.55987	2024438.11607
2042682.16457	2038995.85614
2046666.47768	2050604.16411
2039901.34799	2062019.36674
2026972.86801	2069126.14246
2027031.73013	2097080.00665
2019148.62084	2114873.12751
2001842.26568	2133715.23912
1995428.21832	2119978.71784
1984676.14283	2112839.59549
1976244.21973	2132352.88512
1982280.85702	2155396.31098
1975938.64258	2164616.12325
1965880.92214	2163075.4804
1951886.81556	2169185.52567
1938139.64223	2191478.17129
1934292.99706	2210312.38158
1955348.7628	2220056.28138
1960210.25692	2238338.98894
1968079.07782	2282260.3987
