1141954.08339	3961083.8855
1149801.80406	3963453.5113
1154115.98012	3963930.38936
1160267.66181	3961409.39665
1164547.88926	3957556.73056
1166507.67824	3954243.40099
1166509.46852	3948519.82588
1164220.85973	3945658.66685
1161108.88489	3943599.3411
1154748.07722	3941496.5437
1150215.47337	3940104.95369
1145298.82073	3941353.55566
1141901.51012	3943167.74353
1138799.04307	3944971.08979
1136602.50239	3947052.23212
1136180.85732	3949228.22424
1136882.28472	3952602.25977
1136619.2065	3954927.16946
1136502.96646	3957247.11759
1141954.08339	3961083.8855
