2341598.16537	2888261.72592
2361796.36815	2883857.79128
2383168.02902	2863610.40977
2387573.39907	2840922.09966
2390289.01438	2813787.70687
2385843.99372	2778770.02633
2379542.93033	2751797.17612
2367612.70791	2733874.76079
2353263.85686	2731918.92329
2339569.77347	2737113.18741
2325833.13014	2748858.99133
2318955.65248	2772411.36284
2319260.91963	2790064.06163
2319220.15493	2811021.07555
2322371.20783	2838892.44783
2324702.82585	2857671.94621
2332540.53148	2873345.38342
2341598.16537	2888261.72592
