1744670.57036	4058208.25528
1744881.38739	4060819.64467
1747190.44445	4063502.95913
1751444.49837	4066264.22842
1756171.3386	4067179.58335
1762769.6244	4067222.25659
1767991.51007	4066526.94959
1773112.29406	4065517.09606
1778209.67134	4063235.08116
1781269.4444	4060719.98041
1781864.22217	4058468.08067
1783454.12734	4053151.23537
1784836.84791	4049114.89122
1789008.23632	4044957.12853
1795453.90576	4040061.45244
1799272.17848	4036312.384
1801372.35554	4032478.33049
1803091.50886	4026828.77406
1804874.99721	4018148.7209
1806128.26723	4012517.12797
1806360.58482	4009639.09711
1806460.90793	4007602.97863
1805325.90561	4004587.85399
1804097.93759	4002891.09993
1803166.84592	3999109.89406
1802713.80561	3995466.25283
1802376.82391	3991339.26823
1804197.92133	3988865.67807
1810336.49744	3987786.1821
1819949.71174	3985348.42729
1823907.86417	3984207.45726
1825426.99023	3981824.12844
1828123.95689	3979544.68951
1832406.20339	3975674.13669
1836457.27491	3973727.7606
1837886.6934	3971186.48013
1838687.88937	3968594.85842
1837609.22961	3963059.98306
1837644.17989	3957791.00796
1837198.13092	3950469.60559
1837386.1814	3943276.64337
1837897.58471	3936226.78602
1838835.29311	3928675.99907
1839437.59777	3922737.55203
1840556.02647	3915494.94692
1838840.35047	3909830.17541
1837192.71117	3906877.63664
1835916.14187	3905583.75725
1834277.76622	3904627.51567
1831404.9586	3904771.07783
1823892.76599	3908178.66513
1815391.90649	3914663.7218
1810152.71378	3922897.61427
1804529.18257	3934015.61045
1800067.66827	3944114.5785
1796873.81933	3958291.89103
1796103.85104	3967888.8883
1794015.64211	3976589.15367
1786685.3783	3982023.47761
1779847.98768	3985838.77341
1771389.22537	3992588.4084
1766156.0787	4000778.01804
1763474.45313	4013620.82085
1764864.54554	4023101.10859
1763625.18141	4030787.11773
1757850.48015	4036123.09949
1751484.92592	4041798.36631
1747052.03222	4048340.79863
1744670.57036	4058208.25528
