1937539.55128	3288865.8342
1935420.48152	3290834.68827
1932739.88944	3290711.90998
1925686.60301	3285430.93772
1917896.93862	3282464.82246
1911436.83808	3283914.68398
1907094.89561	3291653.14619
1905356.55525	3300485.17487
1905774.81208	3305288.94115
1908033.91345	3309634.74537
1912729.99994	3313157.10038
1915891.89917	3320661.81762
1917835.12608	3328579.14764
1928993.77514	3334213.28708
1938334.41144	3336179.85938
1944750.99581	3348388.70767
1955681.66128	3365668.07845
1974359.7278	3377882.49633
1989493.681	3378087.13629
1997033.88732	3363325.67252
1998186.47591	3354838.86942
2002558.86602	3325423.39446
2002306.41727	3300865.95052
1993336.45922	3277608.78829
1975080.07337	3270581.57036
1958823.28461	3271808.27777
1942294.36292	3276926.8641
1936599.83998	3281148.40782
1934426.07747	3286079.37802
1937539.55128	3288865.8342
