1050735.80612	3975022.9543
1055043.71583	3983652.11652
1058106.95374	3983560.7788
1061461.45149	3983462.02923
1065796.41472	3984717.54722
1069604.08522	3984758.31135
1073832.85659	3982633.92641
1078029.4138	3980047.00135
1082238.80214	3977611.45073
1084718.22713	3975535.28581
1089035.38471	3978328.14996
1092189.5433	3979309.66452
1096421.90742	3979026.3715
1101633.7256	3974244.82422
1104691.58686	3971992.63126
1110316.33223	3964879.91847
1110936.61002	3961468.49772
1109599.22104	3959352.89257
1105490.14021	3957480.58431
1102254.5837	3953577.24587
1098318.31859	3952008.88691
1094893.18348	3951348.76409
1090187.97735	3951191.811
1083959.04148	3952160.91032
1076138.5369	3953332.79681
1069672.73065	3954921.29267
1064302.36799	3957396.20276
1061244.8586	3959489.94466
1058345.64324	3961731.52566
1057202.72097	3965916.39402
1054479.20724	3970455.42993
1050735.80612	3975022.9543
