1890142.76003	3019594.56439
1900169.13242	3047812.03835
1907079.59848	3062092.56401
1909800.29228	3078659.94911
1909743.89699	3106431.77182
1905891.70718	3119655.12757
1900508.14798	3143966.83321
1893135.01509	3153520.39591
1891418.74161	3165332.60619
1896666.96026	3189423.67513
1904733.39284	3191914.68981
1909021.38288	3212339.93154
1908819.86371	3220434.98432
1903772.67964	3224266.49685
1903544.84047	3230587.01223
1910643.62434	3240537.32448
1913352.60655	3247490.49671
1920586.50286	3265651.93038
1932484.79796	3272499.74376
1938957.18965	3267494.00843
1945495.40191	3256023.0667
1950967.42503	3232353.29661
1952684.04347	3216069.15465
1957696.93327	3194353.58158
1959803.17501	3182803.03418
1969150.35868	3182068.18903
1969821.74265	3173593.72091
1970098.84018	3163649.47986
1960158.24875	3157957.25399
1959997.55173	3127578.11892
1961308.35539	3099660.0985
1961535.8378	3080881.14823
1960108.58836	3069107.99981
1972309.12092	3060254.75857
1976065.8301	3058314.24726
1976268.50977	3043112.09106
1969091.20762	3034641.097
1956227.94855	3028262.4821
1955500.73594	3019916.21963
1951342.83656	2994384.66226
1957029.92011	2988615.85982
1954324.69397	2970478.69185
1947348.76479	2963665.48973
1941832.94208	2951199.71681
1938559.04987	2939193.47167
1934361.44513	2930932.18161
1930123.32433	2920946.45811
1924731.0282	2914521.32773
1915366.88656	2917407.68082
1907967.97576	2918643.08893
1897533.84605	2917548.99891
1894083.82941	2920204.63524
1896949.75629	2926759.60113
1898339.79714	2932014.43944
1893228.29353	2937956.3418
1890843.87465	2944283.38703
1895251.21684	2953608.09219
1895881.39098	2965391.79087
1895410.11917	2980080.16568
1892282.96895	3001334.95909
1890142.76003	3019594.56439
