1460484.74824	3887962.57562
1468630.94518	3891226.2502
1474501.94526	3892544.89689
1480262.71722	3892452.60187
1484198.19955	3888505.36874
1486318.0284	3884635.88541
1485662.81986	3880258.14219
1481942.85175	3877432.21207
1481917.87592	3875230.2738
1484881.46629	3874312.13692
1488123.27808	3873066.38564
1487707.08722	3867890.17981
1484793.36452	3863770.44474
1478627.83265	3862630.25198
1475086.2564	3862002.00843
1469101.92963	3861168.28912
1461760.93828	3860394.88532
1463573.31864	3856540.25044
1470492.64807	3857236.38932
1472842.90514	3852024.26614
1472627.69382	3846535.46469
1470547.65629	3839549.32727
1467146.03217	3834984.75486
1461555.34519	3831465.74273
1456055.6087	3829044.61561
1452193.07803	3826234.39032
1447136.83742	3821750.48966
1442485.90341	3820393.0693
1436543.27996	3819881.12549
1430152.21403	3821274.60243
1425031.93169	3823393.71092
1421920.89513	3826047.97019
1418597.75743	3831693.45355
1417946.11295	3836745.87509
1417469.77212	3842103.70024
1421032.12892	3846967.75666
1417130.95642	3849181.04774
1415036.12289	3853196.80628
1414758.90212	3861052.90169
1415599.24073	3863997.95724
1419987.86237	3867886.14996
1423876.55464	3871170.29236
1428833.10942	3876449.2837
1432096.86787	3879448.04766
1435574.74278	3883223.23537
1441127.37999	3886439.28912
1446230.65644	3887790.82151
1453211.5931	3886076.50816
1454792.98265	3884350.27597
1460484.74824	3887962.57562
