1634522.36074	3725154.79749
1628474.40016	3722623.20619
1621376.12308	3722211.69067
1612675.7526	3720934.00478
1605241.47579	3720064.04965
1598382.63785	3718687.53585
1593221.80235	3719280.61155
1590435.49131	3724500.08757
1590699.10652	3729556.46646
1591105.38782	3736347.92395
1591212.63264	3739510.92027
1592731.45678	3743075.19082
1594821.65208	3746134.57921
1597983.42886	3751039.91109
1598587.08315	3754652.90772
1597206.77227	3758368.65171
1595790.46444	3763511.33541
1595480.85644	3769071.48942
1594449.50069	3777043.59761
1594369.24718	3783540.86185
1596244.018	3787722.06461
1597632.84958	3789710.9032
1602113.65314	3792019.49591
1607028.32713	3793989.92752
1611139.73738	3793624.34046
1616765.28772	3791121.31227
1619705.856	3789545.58174
1623372.67206	3787456.65214
1627099.80498	3782350.49122
1630004.85671	3772842.87911
1632342.68324	3767645.09194
1635914.64007	3760635.73109
1638838.85809	3755086.09547
1641531.91916	3748594.23412
1640970.66299	3741797.18271
1639949.80007	3735024.48247
1637196.67284	3729615.08061
1636261.62052	3727601.37651
1634522.36074	3725154.79749
