1657099.4814	3765717.78484
1662648.09237	3767650.57943
1665052.88082	3768795.39768
1668838.76082	3769867.88996
1675156.32512	3769853.86316
1681934.07186	3767907.06165
1688649.54749	3765166.49033
1694766.38553	3762614.57374
1699155.09152	3759675.67052
1699895.6747	3751838.31491
1699044.319	3749019.51918
1693840.65987	3747708.52488
1688730.83337	3747506.20524
1680437.73315	3747951.5016
1675986.07787	3748189.9925
1673242.43107	3744839.27716
1668325.44522	3741287.90859
1662151.90406	3741142.32853
1657797.8648	3742487.72209
1654175.73185	3745222.95368
1653054.46105	3746553.44189
1652527.06292	3751346.50503
1653072.00987	3756082.45232
1654523.19251	3760611.83301
1657099.4814	3765717.78484
