1995631.73111	2927726.73187
1995360.36068	2926958.14398
1993079.00333	2922619.53617
1991024.66258	2917289.28677
1988117.51519	2913006.72486
1986718.23452	2907944.24806
1986142.82793	2901513.20902
1984203.74858	2897471.16399
1980185.75188	2891345.03724
1977621.3507	2887359.66394
1974262.78098	2885065.32287
1968913.40114	2881652.47195
1965243.82897	2879387.1314
1962344.08518	2878673.25145
1957968.69156	2879062.26174
1951157.10141	2883876.50985
1944377.10881	2889009.52069
1935444.20157	2894654.19144
1932467.66592	2896534.93746
1932643.87691	2902019.0908
1937192.05004	2910677.5057
1941565.2541	2913852.71981
1949431.93078	2917370.06246
1954206.69426	2921483.65784
1960261.38717	2925810.55076
1964496.76046	2927383.55378
1968618.35687	2927671.56611
1972035.47919	2934174.97136
1969995.80244	2943096.3878
1967327.88048	2948508.90787
1969438.86318	2958040.04541
1975755.45656	2965268.56054
1984802.57511	2967730.08974
1986424.4532	2967199.77103
1993636.19147	2973938.05395
2006620.64574	2970879.96687
2012090.13185	2968465.17336
2021496.98884	2967657.12013
2030281.45016	2966902.28182
2038380.75066	2958417.45544
2037685.92587	2943548.52046
2030142.14183	2929925.08432
2025116.07579	2923225.09133
2016845.95987	2922650.02729
2010293.84064	2927114.15277
2008016.44085	2929907.00152
2000950.36147	2928577.61687
1995823.69055	2927728.07436
1995631.73111	2927726.73187
