1629085.92819	3799059.35927
1623372.44532	3796811.01372
1617549.85325	3796946.23458
1610191.43623	3798900.95465
1607190.33944	3801586.15673
1606138.53943	3805598.87628
1606893.56339	3809204.54181
1608616.64917	3813395.94908
1608414.31654	3814673.16661
1604195.01447	3821216.09276
1601613.78976	3823401.05
1595104.67787	3828150.98828
1591940.28366	3830678.44499
1586170.66354	3833172.35612
1581711.40889	3834810.62065
1575767.96177	3836993.284
1570995.80106	3840383.019
1567138.91415	3843727.43013
1562864.49968	3847563.99172
1559237.40294	3849946.44169
1555535.53291	3853278.98695
1555816.7755	3858635.88287
1556566.38044	3862233.62559
1556605.24563	3864600.80637
1555033.08186	3865936.7505
1551951.75067	3865605.04614
1546297.84456	3863655.1748
1536897.77891	3862509.14366
1532187.89763	3862725.16219
1530391.0011	3865015.84009
1532176.45416	3868246.99552
1536443.64438	3870103.47237
1542536.55026	3871877.11058
1548188.80136	3873828.99812
1554008.46892	3875931.52611
1554553.97836	3877011.85997
1551498.39126	3878887.57296
1546225.24223	3879758.19384
1540447.4186	3880019.55853
1536039.76584	3880218.451
1533203.5834	3882869.80431
1528583.20815	3884180.81733
1524280.76853	3883742.50071
1521295.24415	3882614.71278
1514277.03019	3878672.7908
1507477.55986	3877400.89481
1503422.35163	3878054.29863
1498661.12671	3881258.12962
1491919.33417	3888167.65862
1490769.90907	3892782.47266
1494516.99763	3897813.62791
1497987.80472	3901283.66464
1500019.39445	3905761.22425
1498010.21776	3909153.52393
1494700.42858	3913387.40629
1492084.79613	3918691.48699
1492385.62792	3922454.935
1493859.45713	3927585.02225
1496382.61966	3930626.05561
1498212.36678	3932595.04305
1501432.91741	3932932.31732
1504099.14541	3932033.52956
1507029.23187	3934429.14184
1508216.25529	3935953.60419
1510501.57961	3939793.73424
1516203.64941	3940657.55855
1518431.46091	3938044.41642
1520014.58792	3934985.19246
1522280.49618	3932841.62167
1525279.91391	3932241.86318
1529609.52815	3931112.40988
1533890.1868	3929353.71748
1536765.41571	3929073.07841
1542884.9773	3929283.70878
1549451.31426	3929316.7697
1555449.96038	3929846.9027
1565868.84973	3930185.13772
1575851.89647	3928803.41452
1583122.34959	3924061.84538
1596515.61698	3917304.62462
1607641.43336	3910795.93601
1618495.15555	3904606.94823
1626831.19422	3897575.27255
1632567.84476	3888756.60107
1636620.19099	3878109.66208
1640291.1868	3870328.52038
1641966.64549	3856932.18816
1642979.41371	3846735.38615
1642942.89297	3835001.91795
1644414.9957	3826681.51802
1644074.2388	3818766.9527
1638142.58743	3810180.77597
1633847.18243	3802783.73789
1629085.92819	3799059.35927
