1255540.99416	4031851.38704
1255060.10434	4039161.81075
1258037.88364	4044968.13268
1262443.50613	4049955.76311
1267832.59188	4054138.57048
1274939.01371	4057338.61253
1278732.26403	4058154.92777
1289267.3145	4059230.73611
1292946.21581	4058495.56932
1295409.39876	4057486.47489
1301088.99936	4053576.9233
1306006.42165	4047509.75754
1304901.08409	4042876.73898
1302219.77002	4037205.40635
1299372.37129	4033251.8773
1297080.79781	4030681.22812
1296577.21422	4024163.2476
1295929.0256	4015782.55196
1292693.18048	4008732.99594
1287881.65935	4006404.94991
1284967.3952	4005413.7201
1277350.12492	4005357.10336
1272290.76406	4005525.31491
1268245.69804	4007213.32232
1266302.36795	4011006.41614
1266632.05057	4017210.26796
1265247.29032	4020517.36692
1262553.81224	4022312.53217
1259379.23893	4023656.47279
1256449.26697	4026233.99037
1255540.99416	4031851.38704
