1945385.30024	2871279.35779
1962280.00136	2866533.43669
1984754.63052	2849939.23957
1997846.2176	2842897.71271
2005262.45599	2832199.31479
2010941.01155	2819137.69432
2008142.59364	2811501.69184
2009557.95755	2785088.29233
2006376.86606	2774561.3926
2000568.53503	2762555.58152
1995831.35313	2741583.31739
1982097.99735	2732811.33796
1973160.65796	2731704.39381
1960941.03919	2736090.02794
1951854.92217	2740180.99778
1937385.85098	2747363.84203
1924750.17401	2757283.15071
1914958.78491	2767254.26331
1911781.00964	2780812.30134
1915372.71158	2792773.80574
1920326.87063	2805907.05165
1920367.19664	2813344.50058
1916186.90324	2822783.01822
1916116.67437	2832492.97682
1920554.31656	2843412.91949
1925246.59285	2853665.7703
1930645.08271	2861269.83817
1945385.30024	2871279.35779
