2444517.8832	2235224.81858
2461729.86017	2217674.48009
2471059.39275	2198957.81989
2484702.71893	2163344.85096
2490706.94357	2143644.41327
2500104.05037	2118322.43838
2515962.11196	2099554.39854
2529015.40058	2078440.93749
2546821.45781	2044969.68899
2558830.82301	2012096.89218
2571615.9952	1980449.78712
2581409.76007	1944501.87735
2593569.36988	1912905.10852
2605092.3252	1881369.43701
2618689.04888	1850922.30309
2625987.5211	1815876.61969
2626157.0299	1788847.62456
2618956.03702	1767234.20127
2607333.62664	1747429.81222
2597012.76886	1734735.91809
2582579.56851	1741588.37875
2582705.68655	1757370.21569
2583839.31633	1784233.23003
2579149.40997	1818975.73657
2577339.53704	1842213.87614
2570299.76928	1872601.40863
2559616.7945	1898769.91694
2545895.83199	1934474.06278
2535224.94698	1953388.85407
2523440.71144	1967154.73579
2510577.20596	2004716.08134
2499175.74345	2029612.35626
2488477.16534	2047850.11228
2470714.32171	2074064.07957
2459509.47161	2093657.10218
2450370.43083	2121569.95382
2444963.32282	2140540.19909
2434678.96965	2177101.17714
2427411.26792	2196911.97414
2430071.84623	2218973.83826
2444517.8832	2235224.81858
