1420014.64819	4118024.36261
1425430.93859	4121609.13261
1431423.2729	4122830.92925
1439460.03106	4123050.00002
1445610.48145	4124266.05121
1448928.73334	4126040.43547
1451867.01016	4128766.32556
1455326.12358	4130380.36769
1460861.43529	4129423.67062
1467670.02995	4125291.75091
1470254.63658	4121448.32747
1471209.44685	4114208.11298
1467726.88337	4110403.16182
1464064.28802	4108171.86511
1460825.45619	4103576.90977
1459667.92142	4098444.26877
1460390.8753	4092152.37218
1460242.54704	4086358.86079
1457662.42338	4080490.42694
1452113.55415	4073470.12181
1447444.23933	4067988.75277
1439981.37666	4063544.39096
1436212.81436	4061793.90143
1428348.64576	4059870.36528
1422558.53549	4059284.80845
1417784.63313	4060072.55151
1413061.14118	4061483.3873
1408635.53152	4064759.62804
1407661.43496	4067763.08587
1405628.28902	4072677.10373
1404396.06201	4078188.80516
1404848.93217	4082081.84248
1407862.15212	4089800.15398
1412376.69831	4103255.80061
1415324.12461	4108165.35656
1420014.64819	4118024.36261
