1338884.58426	4028991.31491
1332581.63081	4027019.89641
1330762.81014	4026769.01064
1324943.96551	4027118.94378
1319566.09845	4031191.55237
1318032.53874	4036537.08586
1317961.92765	4039498.18851
1319230.44001	4044284.5245
1323212.99551	4049295.5518
1327040.85581	4052287.91775
1331581.87506	4054790.81079
1334814.01581	4057803.59284
1335874.19228	4061820.99232
1334653.64856	4065443.08692
1331865.06378	4068178.96563
1327043.05888	4071755.55815
1323382.75695	4074826.90869
1320291.07067	4079435.76291
1318060.58666	4083549.78518
1316976.76343	4090895.66272
1316951.6382	4094474.89567
1319455.09191	4097823.93024
1323980.845	4100180.35355
1329077.75209	4100185.54041
1334608.61236	4097997.23934
1341860.68943	4096689.72524
1347684.9231	4094332.46838
1354423.20781	4092100.80563
1359761.20022	4091157.21071
1365203.58477	4089585.27193
1371272.83186	4088304.19646
1378210.18315	4086525.85298
1383600.41605	4084169.69325
1388607.77791	4080730.47904
1392071.38602	4078744.67497
1396004.5993	4075023.82131
1400239.69529	4071291.03084
1403687.02948	4067113.13054
1405056.76891	4061439.07932
1404945.25473	4056126.44792
1400081.31921	4055664.7657
1397975.19476	4055735.50319
1395350.41886	4053010.11098
1392706.76375	4048097.7237
1389961.76089	4043814.68862
1383858.4902	4040896.76056
1377363.82889	4040648.26595
1373046.53635	4041262.53929
1367753.08413	4042845.5465
1364590.7323	4042795.22816
1360544.29894	4037155.9789
1359086.1489	4035800.43493
1351039.42168	4032794.32529
1343160.13002	4029939.44087
1338884.58426	4028991.31491
