1409581.90569	4184720.54637
1418841.64836	4187276.7564
1426686.47191	4187060.16233
1430817.11024	4185695.38394
1433645.35978	4183115.87787
1435242.01082	4180257.58447
1428590.32553	4176382.49807
1424562.08618	4171184.266
1417892.5613	4166999.94291
1410116.96798	4164097.70828
1402504.45313	4159318.25041
1396449.59309	4155120.43444
1390264.09748	4153112.02206
1384296.44392	4153905.20473
1384147.64084	4159836.0118
1387592.16123	4169409.78931
1394347.45305	4178895.03997
1400654.45466	4182467.37997
1409581.90569	4184720.54637
