2100125.92806	3407021.90512
2124164.02533	3398800.07186
2134198.11003	3404562.80191
2142317.66421	3424747.19592
2150846.44251	3442312.06271
2169007.88211	3446210.22142
2185607.16298	3432025.44074
2195779.2668	3409836.44303
2208670.2324	3382224.05334
2216375.97978	3353668.84931
2228164.7109	3335205.17312
2240015.56049	3317372.18301
2259384.26815	3297643.55195
2266798.01503	3280117.90295
2264443.95244	3260733.42576
2254461.43279	3241946.47543
2249383.27922	3235171.12611
2237779.30919	3234125.38932
2225943.15243	3244827.491
2219238.77966	3262939.43535
2214900.54206	3278906.16839
2202719.54419	3300022.5517
2176443.34633	3320231.65034
2155145.06312	3338730.82527
2144145.31156	3358387.40587
2136261.57859	3370007.75798
2134366.88795	3370146.99152
2122562.0269	3358682.49018
2117636.99664	3353204.95907
2105023.14826	3354135.82536
2090866.26524	3359068.82494
2081577.25991	3368824.82821
2080576.20749	3386395.81172
2081474.65129	3396698.91891
2084611.01697	3403601.00449
2100125.92806	3407021.90512
