1633351.86633	3785519.89309
1640125.60682	3785648.8025
1646261.20091	3783587.79592
1651095.50918	3780639.75028
1655520.58558	3776440.87141
1655957.98696	3770542.22204
1653949.39615	3768582.65019
1651458.56742	3768236.43847
1649349.58614	3766917.61064
1648961.77284	3764079.89962
1649594.04622	3760553.45217
1647547.1976	3758120.51159
1645008.7803	3759047.84355
1641454.43546	3762567.88831
1638513.0873	3766054.5682
1634360.93193	3769761.60124
1631664.68798	3774343.50114
1631286.55857	3777218.46406
1630859.22872	3781364.73629
1631308.02433	3783086.55445
1633351.86633	3785519.89309
