1573989.94705	3999123.09437
1580363.78219	4006123.96934
1591400.76382	4010098.96331
1599239.9066	4012309.11313
1612207.92137	4013363.76606
1622562.68518	4012309.73126
1630705.0425	4010394.66965
1638779.08615	4003733.54756
1642029.40788	3994420.12073
1642828.42879	3981408.23683
1640816.07273	3967881.54662
1635201.18675	3959260.95502
1627572.27231	3952313.57193
1618416.99117	3949232.48114
1606387.52595	3952285.09322
1595257.70726	3958769.08205
1584339.01563	3963972.49422
1578286.76822	3968645.31042
1570784.90043	3974325.38534
1566970.25922	3980162.15791
1564524.56796	3987834.02992
1569240.08279	3997106.42455
1573989.94705	3999123.09437
